17.2
92.0
93.2
93.5
94.3
93.6
96.2
95.6
93.2
95.4
93.5
94.9
94.4
93.8
94.4
93.1
93.7
90.5
93.1
91.0
93.7
91.6
91.4
92.1
91.8
93.2
96.1
93.7
92.9
93.6
91.4
93.4
92.8
93.7
95.2
93.1
94.1
94.7
93.1
92.3
94.9
92.5
92.4
93.1
95.7
91.0
92.2
96.4
97.8
92.8
92.5
91.6
91.0
94.3
93.7
92.5
92.8
96.7
95.4
94.7
94.2
90.6
95.1
95.3
91.4
93.8
94.7
93.1
94.7
91.3
91.7
92.9
92.7
96.4
92.0
93.3
91.1
93.8
92.7
93.1
91.0
91.0
94.3
94.1
92.7
94.5
95.3
93.2
91.7
94.0
90.7
92.6
94.5
93.6
91.8
92.5
91.7
93.3
94.0
91.7
94.3
82.9
93.1
94.8
93.8
95.7
92.9
93.2
90.4
93.5
94.8
94.3
87.6
92.2
92.1
91.0
94.2
95.9
91.7
93.4
