144703488 0 9.72127 14.0153 10.7787 4.58624 0.620218 0.0119218 0.509823 0.0934401 0.430194 0.559372 0.00475264 0.412819 0.136811 1.31465
144703488 0 9.60173 14.0039 10.7751 4.56144 0.62794 0.0118014 0.510027 0.101108 0.430546 0.55956 0.00478472 0.415305 0.134474 1.3218
144703488 0 9.68784 14.0007 10.7155 4.58284 0.622359 0.0117503 0.511238 0.0943023 0.430643 0.562672 0.00476868 0.417729 0.135207 1.31563
144703488 0 9.57615 13.9938 10.8309 4.56427 0.629618 0.0122294 0.509764 0.102601 0.430856 0.556675 0.00471108 0.409348 0.137535 1.32098
144703488 0 9.82476 13.9716 10.7852 4.56538 0.613685 0.0117712 0.509652 0.0872454 0.43154 0.559034 0.0046678 0.414959 0.134442 1.32066
144703488 0 9.64347 14.0138 10.772 4.55898 0.625222 0.011978 0.512943 0.0952764 0.43024 0.559723 0.00471268 0.411082 0.138946 1.32251
144703488 0 9.94857 13.9984 10.7842 4.58335 0.606048 0.0118385 0.511507 0.0776453 0.430713 0.559087 0.00465664 0.414821 0.134516 1.31548
144703488 0 9.66877 14.0187 10.7672 4.56655 0.623586 0.0121012 0.509756 0.0966112 0.43009 0.559968 0.00469188 0.414375 0.135933 1.32032
144703488 0 9.71036 14.0109 10.791 4.54472 0.620915 0.0118897 0.512021 0.0919757 0.43033 0.558736 0.00468848 0.41122 0.137841 1.32666
144703488 0 9.83342 13.9811 10.8689 4.48868 0.613145 0.0120676 0.510387 0.0855546 0.431248 0.554732 0.00465336 0.411911 0.13316 1.34323
144703488 0 9.67583 13.9858 10.8382 4.54934 0.623131 0.0120821 0.511212 0.0948248 0.431102 0.556304 0.00469012 0.414186 0.132444 1.32532
144703488 0 9.65131 14.0055 10.8256 4.55852 0.624715 0.0121878 0.510281 0.0972011 0.430495 0.556948 0.00468224 0.40914 0.13808 1.32265
144703488 0 9.54994 13.9775 10.7781 4.55193 0.631345 0.0117423 0.51027 0.104256 0.431357 0.559404 0.0046854 0.414537 0.135202 1.32456
144703488 0 9.70333 14.005 10.8121 4.52596 0.621366 0.0120004 0.510613 0.0937398 0.430511 0.557645 0.0047992 0.410129 0.137695 1.33216
144703488 0 9.76555 13.9954 10.8179 4.56873 0.617406 0.0122327 0.509315 0.0908156 0.430808 0.557347 0.0046982 0.409045 0.138583 1.31969
144703488 0 9.66452 14.0337 10.8069 4.53124 0.62386 0.0121764 0.510895 0.0957734 0.429631 0.557916 0.00482 0.409288 0.13878 1.33061
144703488 0 9.70986 14.0289 10.7677 4.55306 0.620947 0.0118753 0.512911 0.0911152 0.429777 0.559944 0.00471736 0.412515 0.137705 1.32423
144703488 0 9.90105 13.9719 10.8235 4.53946 0.608957 0.0119234 0.510293 0.0817219 0.431532 0.557058 0.00487604 0.414074 0.132992 1.3282
144703488 0 9.87087 13.9665 10.7731 4.55096 0.610819 0.012263 0.511209 0.0822668 0.431699 0.559662 0.00468204 0.411412 0.13854 1.32484
144703488 0 9.82563 13.9991 10.749 4.58779 0.613631 0.0120163 0.513275 0.0833308 0.430694 0.560917 0.00470948 0.412063 0.139134 1.31421
289406976 0 11.9511 15.2562 12.4288 5.67472 1.00899 0.0119362 0.889774 0.102268 0.790408 0.970219 0.00478788 0.778656 0.181786 2.12497
289406976 0 12.0117 15.2519 12.4463 5.76769 1.0039 0.0118321 0.885259 0.101784 0.790629 0.96885 0.00467744 0.786743 0.17242 2.09072
289406976 0 11.9436 15.2301 12.4561 5.74392 1.00963 0.011869 0.885193 0.107548 0.791761 0.968086 0.00478472 0.777868 0.180455 2.09937
289406976 0 11.9438 15.2152 12.4413 5.68896 1.00961 0.0122294 0.884614 0.107718 0.792536 0.969238 0.00468528 0.779294 0.180211 2.11965
289406976 0 12.0065 15.232 12.439 5.71533 1.00434 0.0119394 0.885401 0.101979 0.791663 0.969418 0.00471264 0.783603 0.176103 2.10987
289406976 0 12.037 15.2137 12.4257 5.74669 1.0018 0.0121333 0.886244 0.0984174 0.792616 0.970459 0.0047046 0.786521 0.174228 2.09836
289406976 0 12.0834 15.2266 12.4946 5.764 0.997953 0.0120645 0.885279 0.0955939 0.791947 0.965109 0.00481832 0.7804 0.174842 2.09206
289406976 0 12.0502 15.2428 12.5075 5.70728 1.0007 0.013026 0.884899 0.097137 0.791102 0.964114 0.00473512 0.775618 0.178631 2.11285
289406976 0 12.0362 15.2483 12.415 5.70882 1.00187 0.0123256 0.886268 0.0979958 0.790818 0.971291 0.004703 0.781182 0.18046 2.11228
289406976 0 12.0002 15.2231 12.4244 5.62773 1.00487 0.0117664 0.888391 0.0996944 0.792126 0.97056 0.00474472 0.787806 0.173005 2.14272
289406976 0 11.9786 15.2432 12.4559 5.69539 1.00668 0.0118113 0.887234 0.102622 0.79108 0.968108 0.0047654 0.782891 0.175449 2.11726
289406976 0 12.0679 15.2512 12.4423 5.73098 0.99923 0.0120708 0.885831 0.096315 0.790668 0.969165 0.00499788 0.781464 0.177658 2.10411
289406976 0 12.0282 15.2292 12.41 5.59211 1.00253 0.0120467 0.885238 0.100201 0.79181 0.97169 0.0047784 0.773976 0.187906 2.15636
289406976 0 12.0295 15.192 12.4776 5.56301 1.00242 0.0120323 0.887452 0.0979334 0.793748 0.966418 0.0046694 0.780052 0.176721 2.16764
289406976 0 12.0089 15.2809 12.4541 5.80931 1.00414 0.0120838 0.887578 0.099305 0.789133 0.968248 0.00469184 0.783271 0.17529 2.07574
289406976 0 12.058 15.2283 12.4639 5.79103 1.00005 0.0125275 0.889151 0.0933777 0.791858 0.967482 0.00467896 0.78147 0.176367 2.08229
289406976 0 11.9846 15.2365 12.3967 5.69758 1.00618 0.0121942 0.885842 0.103123 0.791432 0.972731 0.00475264 0.779897 0.183033 2.11645
289406976 0 12.0355 15.24 12.4387 5.78152 1.00193 0.0122792 0.886567 0.0980503 0.791246 0.969443 0.00474948 0.783683 0.176039 2.08572
289406976 0 12.0192 15.2349 12.5016 5.79909 1.00328 0.0120036 0.885972 0.100271 0.791511 0.964564 0.00470128 0.778434 0.176364 2.0794
289406976 0 12.0377 15.2039 12.3957 5.7964 1.00174 0.0118914 0.888051 0.0967619 0.793128 0.972808 0.00482804 0.781707 0.181211 2.08036
578813952 0 13.6256 8.74427 13.4252 6.13433 1.76999 0.0123096 1.62595 0.12668 2.75806 1.79642 0.00491448 1.5206 0.2653 3.93152
578813952 0 13.5751 8.93583 13.4277 6.15251 1.77658 0.0120836 1.62343 0.136029 2.69894 1.79608 0.00492412 1.5182 0.267921 3.9199
578813952 0 13.6346 9.07086 13.4499 6.17772 1.76883 0.012122 1.62864 0.123046 2.65876 1.79312 0.00517896 1.51138 0.270867 3.90391
578813952 0 13.5211 9.50582 13.4114 6.20325 1.78368 0.0119811 1.63171 0.134982 2.5371 1.79827 0.00470296 1.51854 0.269447 3.88784
578813952 0 13.5671 9.64377 13.4453 6.1972 1.77763 0.0121206 1.62677 0.133704 2.50081 1.79372 0.00477992 1.50872 0.275196 3.89163
578813952 0 13.5596 9.42675 13.3967 6.18938 1.77861 0.0124409 1.62673 0.134402 2.55839 1.80024 0.00486008 1.52979 0.26057 3.89655
578813952 0 13.5407 9.67872 13.435 6.15197 1.7811 0.0120178 1.62791 0.136006 2.49178 1.7951 0.00471744 1.51781 0.267452 3.92025
578813952 0 13.5751 9.26019 13.4608 6.2061 1.77659 0.0122246 1.62886 0.130266 2.6044 1.79166 0.00478476 1.5247 0.257201 3.88605
578813952 0 13.6116 9.20674 13.3866 6.16092 1.77181 0.0128721 1.62561 0.128286 2.61952 1.80159 0.0049514 1.51497 0.276159 3.91455
578813952 0 13.5538 9.54728 13.4298 6.13405 1.77937 0.0118641 1.62941 0.133083 2.52608 1.79581 0.00479592 1.51433 0.271498 3.9317
578813952 0 13.5483 9.15039 13.3721 6.1875 1.78009 0.0119955 1.62702 0.13594 2.63565 1.80355 0.00473984 1.51125 0.28255 3.89774
578813952 0 13.581 9.45603 13.439 6.09718 1.7758 0.012122 1.62811 0.130552 2.55046 1.79458 0.0047222 1.52338 0.261395 3.95547
578813952 0 13.5279 8.94118 13.4887 6.09018 1.78278 0.012034 1.62832 0.137262 2.69732 1.78796 0.00484728 1.5184 0.259632 3.96002
578813952 0 13.5736 9.3148 13.3957 6.18959 1.77678 0.012082 1.62597 0.133574 2.58913 1.80037 0.00497692 1.51793 0.272331 3.89642
578813952 0 13.5951 8.5012 13.4341 6.14166 1.77397 0.0121749 1.62484 0.131955 2.83692 1.79523 0.0047864 1.51982 0.26559 3.92683
578813952 0 13.621 9.62471 13.4205 6.15047 1.7706 0.0119603 1.62469 0.128935 2.50576 1.79705 0.00483584 1.51516 0.272059 3.9212
578813952 0 13.6164 8.98439 13.4458 6.18006 1.77119 0.0120164 1.62887 0.125272 2.68435 1.79367 0.0047656 1.51406 0.269817 3.90243
578813952 0 13.5423 9.44439 13.4488 6.15561 1.78088 0.0124504 1.62273 0.140679 2.55361 1.79327 0.00490484 1.51928 0.263947 3.91793
578813952 0 13.5149 9.51249 13.3944 6.16515 1.78449 0.0122488 1.62659 0.140632 2.53532 1.80055 0.00480716 1.5222 0.268477 3.91187
578813952 0 13.5544 9.02427 13.4506 6.1765 1.77929 0.0120051 1.62591 0.136352 2.67249 1.79302 0.00476712 1.5221 0.261105 3.90468
1157627904 0 14.569 5.83711 13.9206 5.94788 3.31077 0.011885 3.10042 0.193442 8.26342 3.46497 0.00475112 2.99298 0.462261 8.10953
1157627904 0 14.5381 5.96885 13.8515 6.01637 3.31779 0.0121221 3.10641 0.194237 8.08104 3.48226 0.00488416 2.99263 0.479283 8.01721
1157627904 0 14.5668 5.82197 13.9032 6.06179 3.31125 0.0119347 3.10302 0.191207 8.28491 3.46931 0.0047656 2.99416 0.465381 7.95713
1157627904 0 14.587 5.90598 13.9837 6.18197 3.30668 0.012308 3.09784 0.191513 8.16706 3.44933 0.00478788 3.00474 0.434801 7.80244
1157627904 0 14.555 5.78206 13.9009 6.01537 3.31396 0.0120756 3.10349 0.193362 8.34209 3.46987 0.0047126 2.985 0.474617 8.01854
1157627904 0 14.5912 6.12399 13.9161 5.99028 3.30572 0.0124361 3.09938 0.188891 7.87632 3.46609 0.00481356 3.01197 0.444215 8.05213
1157627904 0 14.5379 5.88607 13.9295 6.02566 3.31784 0.0122839 3.10907 0.191442 8.19468 3.46276 0.0047384 3.00368 0.449395 8.00484
1157627904 0 14.5572 5.91249 13.9163 5.98144 3.31345 0.0119667 3.10602 0.190402 8.15807 3.46605 0.0046822 3.00044 0.455217 8.06403
1157627904 0 14.5764 5.8594 13.9156 6.07115 3.30907 0.0124778 3.09492 0.196511 8.23198 3.46621 0.00473988 2.99146 0.465063 7.94487
1157627904 0 14.5672 5.89852 13.9502 5.97142 3.31118 0.0120755 3.09962 0.194361 8.17739 3.45763 0.004759 2.98668 0.461181 8.07756
1157627904 0 14.5538 6.27171 13.9427 6.13837 3.31422 0.0118399 3.0985 0.19885 7.69081 3.45947 0.0046982 3.0061 0.443665 7.85786
1157627904 0 14.5409 5.7161 13.9719 6.05692 3.31716 0.0120019 3.10338 0.196769 8.43836 3.45226 0.0047398 2.99983 0.442646 7.96354
1157627904 0 14.5499 6.15267 13.893 5.79248 3.31512 0.0120997 3.10034 0.197519 7.83961 3.47185 0.00468372 3.00428 0.457739 8.32708
1157627904 0 14.5471 6.234 13.9215 6.00493 3.31576 0.0120162 3.09716 0.201562 7.73733 3.46474 0.00492576 3.01528 0.439377 8.03249
1157627904 0 14.5841 6.25032 13.9432 5.99216 3.30733 0.0124154 3.10334 0.186546 7.71712 3.45936 0.00486168 2.98773 0.461564 8.0496
1157627904 0 14.5667 6.03064 13.9329 6.13784 3.31129 0.0120628 3.10229 0.19192 7.99824 3.46191 0.00487776 3.00654 0.445417 7.85855
1157627904 0 14.5575 6.213 13.9183 6.00468 3.31339 0.0122485 3.10471 0.191271 7.76348 3.46554 0.0047254 3.0061 0.449714 8.03282
1157627904 0 14.5757 6.03955 13.9659 5.96788 3.30924 0.0121318 3.10334 0.18875 7.98644 3.45372 0.00483432 2.98148 0.462287 8.08235
1157627904 0 14.5746 5.9806 13.9282 6.02383 3.3095 0.0123399 3.09895 0.193101 8.06516 3.46307 0.00473508 2.9908 0.46255 8.00728
1157627904 0 14.5694 6.0058 13.8774 6.03361 3.31067 0.0122166 3.09728 0.196033 8.03133 3.47575 0.00475268 2.99411 0.471922 7.9943
2315255808 0 15.1208 6.9587 14.2584 7.46871 6.3799 0.0120148 6.05285 0.309995 13.8631 6.76578 0.00476072 5.94207 0.813369 12.9164
2315255808 0 15.138 6.91511 14.2757 7.44327 6.37262 0.0124186 6.04958 0.305501 13.9505 6.75756 0.00492736 5.94051 0.807038 12.9606
2315255808 0 15.1354 6.66204 14.2889 7.51508 6.37372 0.0121862 6.05355 0.302911 14.4804 6.75134 0.0048744 5.94996 0.791528 12.8367
2315255808 0 15.1171 6.70542 14.2907 7.51616 6.38145 0.0119682 6.05436 0.31008 14.3867 6.75046 0.00491592 5.95279 0.787777 12.8349
2315255808 0 15.1319 6.77187 14.2413 7.51673 6.37521 0.0122022 6.05374 0.304262 14.2456 6.7739 0.0048072 5.93793 0.826028 12.8339
2315255808 0 15.1304 6.99306 14.2658 7.4482 6.37585 0.0111334 6.04912 0.310551 13.795 6.76224 0.00475756 5.95992 0.792097 12.952
2315255808 0 15.1326 6.96802 14.2535 7.44712 6.37491 0.0107503 6.05191 0.307129 13.8445 6.76807 0.00481676 5.9318 0.826322 12.9539
2315255808 0 15.1303 6.69731 14.2553 7.44581 6.37589 0.0107248 6.05985 0.300266 14.4041 6.76725 0.00488748 5.96701 0.789714 12.9561
2315255808 0 15.1188 6.92551 14.2914 7.42985 6.38072 0.0112136 6.05701 0.307489 13.9295 6.75014 0.00477984 5.94339 0.796983 12.984
2315255808 0 15.1315 6.72655 14.2586 7.43947 6.37538 0.012489 6.04783 0.309998 14.3415 6.76568 0.00480888 5.9497 0.806027 12.9672
2315255808 0 15.1156 6.97886 14.2765 7.30459 6.38208 0.0116318 6.05554 0.309776 13.823 6.75717 0.00481196 5.94465 0.802261 13.2066
2315255808 0 15.1345 6.97249 14.2712 7.48744 6.37412 0.0115116 6.05189 0.305691 13.8357 6.7597 0.0048568 5.96561 0.784263 12.8841
2315255808 0 15.137 6.99211 14.2928 7.46068 6.37308 0.011635 6.05152 0.304892 13.7968 6.74949 0.00473828 5.92999 0.809767 12.9303
2315255808 0 15.1419 7.04111 14.26 7.41838 6.371 0.0115228 6.06047 0.293975 13.7008 6.76499 0.00484716 5.92729 0.827808 13.004
2315255808 0 15.1387 6.99154 14.2798 7.34615 6.37232 0.0116556 6.0517 0.30394 13.798 6.75561 0.00486968 5.95819 0.78758 13.1319
2315255808 0 15.1528 6.69342 14.2926 7.50213 6.36642 0.0114989 6.05313 0.296774 14.4125 6.74955 0.00476704 5.95551 0.784079 12.8589
2315255808 0 15.133 6.79023 14.2672 7.38782 6.37473 0.0116062 6.05591 0.302197 14.207 6.76161 0.0047288 5.95514 0.796279 13.0578
2315255808 0 15.1431 6.83467 14.2473 7.49513 6.37048 0.0114395 6.04767 0.30626 14.1146 6.77102 0.00478472 5.93632 0.82489 12.8709
2315255808 0 15.1482 6.81863 14.3082 7.51915 6.36836 0.0115467 6.04888 0.302948 14.1479 6.74224 0.00472544 5.94448 0.787508 12.8298
2315255808 0 15.1605 6.92039 14.2627 7.41574 6.36319 0.0115676 6.04318 0.30344 13.9398 6.76372 0.00479272 5.91276 0.841183 13.0087
4630511616 0 15.4685 7.97372 14.4216 9.02546 12.4729 0.0122216 11.9439 0.511783 24.1967 13.3784 0.0049658 11.8865 1.48189 21.3771
4630511616 0 15.4466 7.77227 14.4265 8.94671 12.4906 0.0120275 11.9304 0.543098 24.8239 13.3739 0.00488248 11.8686 1.49526 21.5653
4630511616 0 15.456 8.28699 14.4175 9.04039 12.483 0.0121926 11.9342 0.531589 23.282 13.3822 0.00474632 11.8862 1.48624 21.3418
4630511616 0 15.4656 8.2796 14.4223 9.00117 12.4753 0.0120948 11.9408 0.517313 23.3028 13.3777 0.00479752 11.8794 1.48823 21.4348
4630511616 0 15.4554 8.15467 14.4239 8.97123 12.4836 0.0126187 11.9346 0.531265 23.6598 13.3763 0.0048552 11.8552 1.51069 21.5063
4630511616 0 15.462 8.28466 14.3962 9.0481 12.4782 0.0122134 11.935 0.525953 23.2886 13.402 0.00467416 11.9533 1.43842 21.3236
4630511616 0 15.4618 8.22881 14.4053 8.95548 12.4784 0.0124554 11.9394 0.5215 23.4467 13.3935 0.00477992 11.9412 1.4426 21.5441
4630511616 0 15.4558 8.05993 14.4286 9.04369 12.4832 0.0149728 11.9427 0.520505 23.9379 13.3719 0.0048024 11.8682 1.49387 21.334
4630511616 0 15.4477 8.20673 14.435 9.03204 12.4898 0.0120084 11.9442 0.528622 23.5097 13.366 0.00482796 11.898 1.45813 21.3615
4630511616 0 15.4652 2.87973 14.3967 9.04202 12.4756 0.0239557 11.9512 0.495469 66.9986 13.4016 0.0047526 11.9322 1.45961 21.3379
4630511616 0 15.4661 8.23912 14.4049 9.05249 12.4749 0.011151 11.9352 0.523535 23.4173 13.3939 0.00475736 11.8628 1.52113 21.3133
4630511616 0 15.462 8.04652 14.4231 9.00578 12.4782 0.0122986 11.938 0.522815 23.9778 13.377 0.00476708 11.9157 1.45156 21.4238
4630511616 0 15.1545 8.33638 14.3894 9.03732 12.7314 0.0124027 11.948 0.765815 23.1441 13.4083 0.0049674 11.9465 1.4513 21.349
4630511616 0 15.4521 8.15284 14.41 9.02319 12.4862 0.0228965 11.9556 0.502704 23.6651 13.3891 0.0048152 11.8681 1.51069 21.3825
4630511616 0 15.446 8.30457 14.4067 8.97667 12.4912 0.0123351 11.9346 0.539209 23.2327 13.3922 0.00486488 11.9336 1.44862 21.4933
4630511616 0 15.4706 8.14441 14.4072 9.00883 12.4712 0.0122776 11.9348 0.519152 23.6896 13.3918 0.0051244 11.8757 1.50588 21.4166
4630511616 0 15.4672 8.28607 14.4004 8.89853 12.474 0.0123577 11.9413 0.515266 23.2846 13.3981 0.00470952 11.8493 1.5391 21.682
4630511616 0 15.4556 8.16548 14.4015 9.02908 12.4834 0.0122694 11.9507 0.515396 23.6285 13.397 0.00474148 11.8416 1.54544 21.3685
4630511616 0 15.4743 8.30175 14.4181 9.02347 12.4683 0.0122022 11.9326 0.518471 23.2406 13.3816 0.00505888 11.8761 1.49539 21.3818
4630511616 0 15.4611 8.26179 14.4178 9.03761 12.4789 0.0121363 11.9427 0.518933 23.353 13.382 0.00469012 11.9205 1.4513 21.3483
9261023232 0 15.6253 8.92936 14.4754 10.0132 24.6955 0.0134969 23.7125 0.964516 43.2143 26.6573 0.00483752 23.8023 2.84497 38.5369
9261023232 0 15.6271 3.63436 14.468 9.97943 24.6928 0.0114988 23.7062 0.970067 106.174 26.6711 0.00478952 23.8272 2.83365 38.6671
9261023232 0 15.6243 9.45155 14.4802 10.0271 24.6972 0.0129827 23.7071 0.972012 40.8267 26.6485 0.00479764 23.8088 2.82948 38.4834
9261023232 0 15.6275 3.9845 14.4821 10.0269 24.6921 0.0127359 23.7129 0.96151 96.8442 26.6449 0.00478956 23.7601 2.87509 38.4841
9261023232 0 15.6174 8.92323 14.4685 10.0046 24.708 0.0126796 23.7052 0.985103 43.244 26.6701 0.00473508 23.8344 2.82606 38.5699
9261023232 0 15.6189 4.21503 14.479 9.9872 24.7057 0.01296 23.7145 0.973259 91.5477 26.6507 0.00478964 23.8743 2.7667 38.6371
9261023232 0 15.6298 9.15344 14.4827 9.98604 24.6885 0.0128176 23.6913 0.979298 42.1564 26.6439 0.00478952 23.8197 2.81431 38.6415
9261023232 0 15.6218 9.08899 14.4698 10.0429 24.7012 0.0127454 23.7105 0.97276 42.4553 26.6676 0.00477352 23.8054 2.85101 38.4229
9261023232 0 15.6238 9.07042 14.4848 10.0283 24.6979 0.0127277 23.6962 0.984033 42.5423 26.64 0.00481844 23.8088 2.82144 38.4787
9261023232 0 15.6178 8.74272 14.4829 10.025 24.7074 0.0131364 23.7097 0.979513 44.1368 26.6436 0.00477032 23.8327 2.80107 38.4912
9261023232 0 15.6317 8.90197 14.4821 10.0275 24.6855 0.0129505 23.7003 0.967011 43.3473 26.645 0.00472708 23.8214 2.81345 38.4818
9261023232 0 15.6182 2.23876 14.4966 10.0203 24.7069 0.0124827 23.6998 0.989643 172.362 26.6184 0.00495144 23.809 2.79894 38.5094
9261023232 0 15.622 9.03426 14.4903 10.0078 24.7008 0.0122872 23.7121 0.971315 42.7125 26.6299 0.0048472 23.7303 2.88906 38.5576
9261023232 0 15.6164 8.80354 14.4717 9.99616 24.7096 0.0138542 23.7038 0.98694 43.8319 26.6642 0.00480072 23.7886 2.86535 38.6024
9261023232 0 15.6234 8.52564 14.4935 10.0087 24.6987 0.012558 23.7063 0.974736 45.2606 26.6241 0.00495624 23.8475 2.76614 38.5542
9261023232 0 15.6308 9.51725 14.4839 9.9975 24.6869 0.0125548 23.7063 0.963005 40.5449 26.6417 0.00477032 23.8187 2.81315 38.5972
9261023232 0 15.6183 1.16098 14.4948 9.98217 24.7067 0.0139441 23.7046 0.983068 332.37 26.6217 0.00481044 23.8789 2.7328 38.6565
9261023232 0 15.6146 3.48805 14.4792 10.0011 24.7125 0.0114939 23.7043 0.991662 110.628 26.6504 0.00478308 23.771 2.86957 38.5833
9261023232 0 15.6229 3.88733 14.4832 9.97578 24.6993 0.0119506 23.7122 0.970044 99.265 26.6431 0.00480228 23.772 2.86031 38.6813
9261023232 0 15.6209 3.10942 14.4787 10.0319 24.7026 0.0119122 23.7028 0.982812 124.099 26.6512 0.00482636 23.7216 2.91912 38.4648
18522046464 0 10.6032 2.13046 14.5342 10.6713 72.7847 0.0130337 70.9185 1.84819 362.247 53.099 0.00478628 47.7189 5.36973 72.32
18522046464 0 15.7034 2.74861 14.5324 10.6789 49.1456 0.0131013 47.2272 1.90029 280.779 53.1058 0.0047752 47.6002 5.49564 72.269
18522046464 0 15.7093 1.52625 14.4528 10.6813 49.1271 0.0126477 47.2065 1.90289 505.651 53.3982 0.00476236 47.6563 5.73221 72.2529
18522046464 0 15.7105 3.1458 14.5106 10.6482 49.1233 0.013021 47.2335 1.87171 245.328 53.1855 0.0049386 47.5415 5.63388 72.4774
18522046464 0 15.7067 0.950227 14.5187 10.6665 49.1352 0.0134554 47.22 1.89672 812.176 53.1557 0.00485688 47.7236 5.42207 72.3532
18522046464 0 15.7138 2.51335 14.5166 10.659 49.1129 0.0131219 47.2364 1.85841 307.061 53.1633 0.00476712 47.7649 5.38868 72.4038
18522046464 0 15.7014 1.62651 14.5248 10.676 49.1518 0.0133433 47.2351 1.89838 474.483 53.1335 0.00484568 47.5275 5.59599 72.2883
18522046464 0 15.7132 1.44657 14.5037 10.6324 49.115 0.0132966 47.2172 1.87939 533.505 53.2109 0.00493852 47.6255 5.57497 72.5852
18522046464 0 15.705 2.56796 14.5228 10.6591 49.1404 0.0133142 47.2516 1.87046 300.531 53.1409 0.00476064 47.681 5.45004 72.4033
18522046464 0 15.6786 1.00625 14.5202 10.6592 49.2233 0.0135032 47.2377 1.96706 766.959 53.1501 0.00481372 47.6344 5.50566 72.4022
18522046464 0 15.7077 2.58266 14.5058 10.6596 49.132 0.0130658 47.242 1.87183 298.82 53.2029 0.00476224 47.6523 5.5408 72.3995
18522046464 0 15.7064 1.43898 14.5138 10.6711 49.1363 0.0129778 47.2379 1.88023 536.32 53.1738 0.00478952 47.7415 5.42203 72.3219
18522046464 0 15.7059 1.49161 14.5204 10.6819 49.1376 0.01301 47.2477 1.87188 517.395 53.1495 0.00476552 47.6633 5.47635 72.2489
18522046464 0 15.7137 1.9448 14.5036 10.6541 49.1134 0.0135274 47.243 1.85185 396.828 53.211 0.00495296 47.5395 5.66163 72.4369
18522046464 0 15.702 2.71275 14.5013 10.6828 49.15 0.0132999 47.2108 1.92085 284.491 53.2196 0.00473988 47.5491 5.66015 72.2427
18522046464 0 15.7063 1.08003 14.5246 10.652 49.1363 0.013239 47.2544 1.86371 714.562 53.134 0.0049562 47.5333 5.59077 72.4515
18522046464 0 15.7067 2.00586 14.5046 10.6667 49.1352 0.0135052 47.2246 1.89203 384.748 53.2073 0.00502992 47.6162 5.58044 72.3514
18522046464 0 15.708 1.24608 14.5258 10.6667 49.131 0.0131028 47.225 1.88783 619.344 53.1298 0.00497868 47.6297 5.49011 72.3516
18522046464 0 15.6996 1.1676 14.5118 10.6802 49.1575 0.0132036 47.2341 1.90496 660.975 53.1811 0.00478956 47.5408 5.63038 72.2603
18522046464 0 15.7002 0.900402 14.5127 10.6299 49.1556 0.0133191 47.2565 1.88083 857.119 53.1779 0.00484724 47.6985 5.46909 72.6021
37044092928 0 15.7547 1.02548 14.5236 11.0412 97.9712 0.0146939 94.2666 3.68443 1505.15 106.275 0.0056525 95.3708 10.8933 139.795
37044092928 0 15.7594 1.79708 14.5408 11.0511 97.9417 0.0142812 94.2722 3.64983 858.898 106.15 0.0049114 95.1665 10.973 139.669
37044092928 0 15.7563 1.81442 14.5553 11.0537 97.961 0.0146336 94.2613 3.67975 850.685 106.044 0.0047111 94.6684 11.366 139.637
37044092928 0 15.752 0.899262 14.5417 11.0063 97.9881 0.0146902 94.293 3.67506 1716.41 106.144 0.0048031 94.997 11.1365 140.238
37044092928 0 15.7639 1.71012 14.5416 11.0299 97.914 0.0152348 94.2547 3.63876 902.57 106.144 0.004767 95.1364 10.9977 139.938
37044092928 0 15.7679 1.02687 14.5456 11.0469 97.8888 0.0153509 94.2562 3.61197 1503.12 106.115 0.0050195 95.1579 10.9467 139.723
37044092928 0 15.7543 1.71938 14.5425 11.0446 97.9736 0.0143855 94.2845 3.66944 897.711 106.138 0.0048592 95.5859 10.5416 139.752
37044092928 0 15.7681 2.39586 14.5275 11.031 97.8879 0.0148383 94.2537 3.61405 644.238 106.247 0.0050516 95.1605 11.0765 139.924
37044092928 0 15.756 0.801952 14.5462 11.0495 97.9628 0.0141454 94.2675 3.67586 1924.68 106.111 0.0051837 95.0893 11.0094 139.69
37044092928 0 15.7644 0.909369 14.5302 11.0582 97.9108 0.0141851 94.2498 3.64152 1697.34 106.227 0.0047471 95.6081 10.6088 139.58
37044092928 0 15.7553 0.89963 14.538 11.0469 97.9671 0.0139368 94.2788 3.66903 1715.71 106.17 0.0048312 95.0276 11.1326 139.723
37044092928 0 15.7631 1.02539 14.5408 11.054 97.9186 0.0142735 94.2054 3.69353 1505.29 106.15 0.0048914 95.2181 10.9213 139.633
37044092928 0 15.7654 1.02734 14.5521 11.0475 97.9046 0.0138167 94.2517 3.63377 1502.42 106.067 0.0048673 95.1631 10.893 139.715
37044092928 0 15.7637 1.02703 14.5263 11.0427 97.9152 0.0139887 94.291 3.605 1502.89 106.256 0.0047512 95.5681 10.6778 139.776
37044092928 0 15.7677 1.40833 14.549 11.0352 97.8905 0.0144457 94.2966 3.57409 1095.98 106.09 0.0048712 94.8636 11.2163 139.871
37044092928 0 15.7523 2.10637 14.5305 11.0258 97.9862 0.014061 94.27 3.69673 732.778 106.225 0.004695 95.3112 10.9037 139.99
37044092928 0 15.7583 0.798626 14.5462 11.0576 97.9483 0.0136886 94.2379 3.69146 1932.7 106.111 0.0048232 95.0861 11.0144 139.587
37044092928 0 15.7578 0.902587 14.5291 11.0541 97.9517 0.0144575 94.2765 3.65546 1710.09 106.236 0.0047993 95.0537 11.1719 139.631
37044092928 0 15.7657 0.903669 14.5494 11.0655 97.9027 0.0147818 94.2285 3.65415 1708.04 106.087 0.0048431 95.1065 10.9709 139.488
37044092928 0 15.7613 2.39879 14.5386 11.0304 97.9297 0.0140892 94.2613 3.64897 643.45 106.166 0.004727 95.3322 10.8238 139.932
74088185856 0 15.791 1.79395 8.19417 11.249 195.492 0.0152065 188.218 7.25312 1720.79 376.732 0.004723 301.243 75.4788 274.426
74088185856 0 15.7883 1.43893 14.5611 11.244 195.525 0.0169053 188.224 7.27851 2145.35 212.003 0.004707 189.919 22.0739 274.547
74088185856 0 15.7778 1.43987 14.5797 11.2417 195.655 0.0168169 188.185 7.4481 2143.96 211.733 0.0048072 189.3 22.4231 274.604
74088185856 0 15.7826 1.43825 14.573 11.2469 195.596 0.0170293 188.207 7.36636 2146.37 211.83 0.004707 189.675 22.1455 274.476
74088185856 0 15.783 1.43765 14.5614 11.2413 195.59 0.0158759 188.21 7.35897 2147.25 211.999 0.0048914 190.429 21.5596 274.613
74088185856 0 15.7751 1.59769 14.5623 11.2543 195.688 0.0147219 188.249 7.41976 1932.17 211.986 0.0047149 190.022 21.9544 274.296
74088185856 0 15.7832 1.59959 14.5701 11.2467 195.588 0.0159719 188.21 7.35717 1929.87 211.873 0.0047192 189.474 22.3882 274.482
74088185856 0 15.7808 1.79826 14.5813 11.2464 195.618 0.0144736 188.214 7.38506 1716.66 211.709 0.0048432 190.32 21.3789 274.489
74088185856 0 15.7875 1.4366 14.5806 11.2393 195.535 0.01459 188.23 7.28458 2148.84 211.72 0.0047312 190.139 21.5708 274.663
74088185856 0 15.7846 1.59474 14.5449 11.2188 195.571 0.0145496 188.228 7.32293 1935.74 212.239 0.0050194 190.767 21.4623 275.164
74088185856 0 15.7721 1.43746 14.5805 11.2488 195.726 0.0161081 188.2 7.50435 2147.54 211.721 0.0049794 189.955 21.756 274.431
74088185856 0 15.786 1.59813 14.5797 11.2451 195.553 0.0188481 188.214 7.31484 1931.64 211.733 0.0048352 189.951 21.7722 274.521
74088185856 0 15.7776 1.43699 14.5735 11.2504 195.657 0.0161401 188.231 7.40474 2148.25 211.823 0.0051719 190.412 21.4005 274.39
74088185856 0 15.7839 1.4354 14.5831 11.2438 195.579 0.0154071 188.209 7.34982 2150.62 211.683 0.0048833 189.799 21.874 274.552
74088185856 0 15.7851 1.59723 14.5918 11.2514 195.565 0.020054 188.277 7.26325 1932.73 211.558 0.0048192 190.442 21.1054 274.367
74088185856 0 15.7809 1.44016 14.5517 11.2402 195.617 0.0150626 188.198 7.39882 2143.52 212.141 0.004731 189.345 22.7858 274.64
74088185856 0 15.7749 1.43764 14.5704 11.2403 195.691 0.0144575 188.218 7.45316 2147.27 211.868 0.0047911 189.821 22.0373 274.637
74088185856 0 15.7827 1.79125 14.5868 11.2473 195.594 0.0212759 188.25 7.31739 1723.38 211.63 0.004719 190.216 21.4042 274.466
74088185856 0 15.7873 1.59266 14.5884 11.2497 195.538 0.0148222 188.208 7.31008 1938.27 211.608 0.0047431 189.657 21.9402 274.408
74088185856 0 15.7842 1.59935 14.5567 11.2497 195.575 0.0164565 188.233 7.32024 1930.17 212.067 0.0051757 189.989 22.0683 274.409
148176371712 0 15.7948 2.86782 3.15857 11.3408 390.889 0.0186919 376.236 14.6291 2152.86 1954.69 0.0050396 1496.14 458.534 544.406
148176371712 0 11.372 2.88196 14.6649 11.3478 542.916 0.0188641 490.811 52.081 2142.3 421.006 0.0049595 379.747 41.2482 544.073
148176371712 0 6.55401 2.86788 14.5967 11.3436 942.021 0.0201861 910.1 31.8948 2152.81 422.974 0.0049115 379.126 43.8381 544.274
148176371712 0 15.7978 2.87369 14.6284 11.345 390.816 0.0192166 376.26 14.5312 2148.47 422.058 0.005296 379.636 42.4103 544.204
148176371712 0 15.7937 2.88494 14.6164 11.3494 390.916 0.020218 376.164 14.7262 2140.08 422.403 0.0049715 379.235 43.1583 543.993
148176371712 0 15.8033 2.86934 14.6251 11.3411 390.679 0.0197415 376.246 14.4074 2151.72 422.152 0.0050957 379.117 43.0242 544.395
148176371712 0 15.8003 2.87195 14.6397 11.3449 390.754 0.0178585 376.245 14.4857 2149.76 421.732 0.0050756 378.52 43.2015 544.212
148176371712 0 15.8005 2.86091 14.6302 11.3435 390.749 0.0179869 376.254 14.4714 2158.06 422.004 0.0049112 379.722 42.2718 544.276
148176371712 0 15.8031 2.87008 14.6177 11.3387 390.684 0.018123 376.194 14.4657 2151.16 422.366 0.0049233 378.918 43.4378 544.509
148176371712 0 15.8107 2.87582 14.6166 11.3444 390.495 0.0175141 376.228 14.2437 2146.87 422.397 0.0050353 379.064 43.3219 544.235
148176371712 0 15.7965 2.88356 14.599 11.344 390.847 0.0186719 376.18 14.6429 2141.11 422.906 0.0049636 378.773 44.1223 544.252
148176371712 0 15.7945 2.87578 14.6516 11.3462 390.895 0.0195491 376.258 14.6116 2146.9 421.389 0.0049113 379.404 41.9747 544.15
148176371712 0 15.8047 2.86912 14.6256 11.3436 390.645 0.0192649 376.21 14.4108 2151.89 422.138 0.0051717 379.03 43.0973 544.273
148176371712 0 15.8019 2.87741 14.594 11.3456 390.713 0.0186919 376.25 14.439 2145.68 423.051 0.0048352 379.428 43.6126 544.175
148176371712 0 15.7965 2.86769 14.583 11.3412 390.846 0.0171777 376.166 14.6571 2152.95 423.371 0.0048632 379.264 44.0958 544.387
148176371712 0 15.7995 2.87307 14.6272 11.3454 390.773 0.0170896 376.228 14.5225 2148.92 422.09 0.0048752 379.294 42.786 544.189
148176371712 0 15.803 2.86891 14.6565 11.3468 390.686 0.016705 376.203 14.4614 2152.05 421.249 0.0049194 379.354 41.8845 544.122
148176371712 0 15.7962 2.86424 14.6358 11.3419 390.854 0.017322 376.188 14.6429 2155.55 421.844 0.0048993 379.566 42.2673 544.356
148176371712 0 15.7976 2.86827 14.6048 11.345 390.819 0.0178026 376.207 14.5887 2152.53 422.737 0.0049034 379.249 43.4783 544.206
148176371712 0 15.8068 2.87242 14.6085 11.3431 390.592 0.0175981 376.259 14.3103 2149.41 422.633 0.0050315 379.933 42.6896 544.298
