144703488 0 9.58474 14.0084 10.7347 4.55173 0.629053 0.0119314 0.513957 0.0981224 0.430407 0.561663 0.00473024 0.414715 0.137072 1.32462
144703488 0 9.62674 13.9434 10.8291 4.59808 0.626309 0.0118416 0.510848 0.0985998 0.432413 0.55677 0.00464684 0.418865 0.12827 1.31127
289406976 0 11.8312 15.2061 12.4498 5.75389 1.01922 0.0120098 0.885388 0.116792 0.79301 0.968582 0.00466776 0.779547 0.17937 2.09574
289406976 0 11.9567 15.2201 12.4163 5.78354 1.00852 0.0116894 0.884697 0.10711 0.792282 0.971194 0.0049338 0.784639 0.176627 2.08499
578813952 0 13.6155 9.18783 13.3772 6.18001 1.77131 0.0125484 1.62407 0.129577 2.62491 1.80286 0.00469028 1.53476 0.25843 3.90246
578813952 0 13.607 9.56914 13.433 6.21876 1.77241 0.0120291 1.62395 0.131324 2.52032 1.79537 0.00482804 1.51832 0.267224 3.87814
1157627904 0 14.6128 6.2753 13.8722 5.98895 3.30083 0.0125724 3.09542 0.187823 7.6864 3.47706 0.0048344 3.00508 0.46162 8.05392
1157627904 0 14.5989 6.04341 13.9198 5.86177 3.30398 0.0124442 3.09794 0.188464 7.98134 3.46518 0.00472864 2.99436 0.461142 8.22866
2315255808 0 15.1123 6.86942 14.2701 7.56584 6.38349 0.0119139 6.05286 0.313701 14.0432 6.76021 0.00472548 5.96074 0.789756 12.7506
2315255808 0 14.9195 6.92104 14.2514 7.34624 6.46598 0.0123848 6.05918 0.389293 13.9385 6.76907 0.00490004 5.97132 0.78774 13.1317
4630511616 0 15.4582 6.2331 14.4298 9.06511 12.4813 0.0120885 11.9365 0.527672 30.9538 13.3708 0.00486008 11.9215 1.43889 21.2836
4630511616 0 15.459 7.74795 14.4203 9.00209 12.4806 0.0121397 11.9283 0.535043 24.9018 13.3796 0.00476712 11.8768 1.49299 21.4326
9261023232 0 15.6243 8.35295 14.5 10.0011 24.6972 0.0127037 23.6942 0.985339 46.1963 26.6121 0.00477676 23.8271 2.77421 38.5833
9261023232 0 15.6292 8.3781 14.4827 9.99692 24.6893 0.0125066 23.6957 0.976134 46.0577 26.6438 0.00480084 23.8003 2.83381 38.5995
18522046464 0 15.7234 1.27203 14.5068 10.6688 49.0829 0.0125356 47.2041 1.86122 606.708 53.1992 0.00479916 47.6834 5.50587 72.3374
18522046464 0 15.7216 1.13641 14.4578 10.6921 49.0886 0.0132214 47.2231 1.84729 679.114 53.3798 0.00492888 47.571 5.79768 72.1796
37044092928 0 15.7774 1.17774 14.5448 11.0515 97.8299 0.0143576 94.2199 3.59034 1310.56 106.121 0.0047471 95.0311 11.0796 139.664
37044092928 0 15.7798 0.898104 14.5373 11.054 97.8151 0.0152389 94.201 3.59358 1718.62 106.175 0.0053239 95.1764 10.9878 139.634
74088185856 0 15.8015 1.33927 14.5445 11.2475 195.361 0.0156473 188.194 7.1462 2305 212.246 0.0049035 190.353 21.8827 274.463
74088185856 0 15.8034 1.59849 14.5774 11.2356 195.339 0.0156873 188.128 7.19029 1931.2 211.766 0.0048393 190.638 21.1165 274.752
148176371712 0 15.8253 2.88039 14.614 11.344 390.136 0.0177505 376.018 14.0948 2143.46 422.472 0.0049313 378.863 43.5986 544.254
148176371712 0 15.8217 2.87629 14.6314 11.3385 390.224 0.0176424 376.091 14.11 2146.52 421.97 0.0048952 379.652 42.3076 544.52
