144703488 0 9.67148 13.9562 10.8092 4.6004 0.623412 0.0119491 0.51304 0.0933922 0.432016 0.557794 0.0047592 0.413327 0.134602 1.3106
144703488 0 9.63818 13.9879 10.821 4.57775 0.625565 0.0119811 0.511715 0.0968387 0.431038 0.557188 0.00476868 0.40939 0.13808 1.31709
144703488 0 9.63922 14.003 10.7539 4.58626 0.625498 0.0123529 0.51197 0.0961755 0.430572 0.56066 0.00476552 0.412864 0.138035 1.31465
144703488 0 9.54937 14.0094 10.7728 4.54655 0.631384 0.0119089 0.511212 0.103197 0.430375 0.55968 0.00467412 0.411183 0.138783 1.32613
144703488 0 9.64829 14.0066 10.8215 4.5769 0.62491 0.011582 0.511799 0.0963885 0.430463 0.557161 0.0047078 0.407103 0.140352 1.31733
144703488 0 9.63285 14.0032 10.8407 4.57374 0.625911 0.0115453 0.511981 0.0973708 0.430566 0.556174 0.00484876 0.410829 0.135367 1.31824
144703488 0 9.66313 14.0143 10.7672 4.58843 0.62395 0.0116012 0.512188 0.0951464 0.430226 0.559971 0.00468064 0.416336 0.133948 1.31403
144703488 0 9.59647 13.9991 10.7719 4.63492 0.628284 0.0118274 0.510703 0.100734 0.430692 0.559728 0.00467728 0.419011 0.131075 1.30084
144703488 0 9.60669 14.0511 10.8068 4.53409 0.627616 0.0117967 0.511424 0.099393 0.429098 0.55792 0.00474308 0.411452 0.136757 1.32977
144703488 0 9.6316 14.0231 10.7412 4.57521 0.625993 0.012066 0.511812 0.0970825 0.429955 0.561325 0.00486164 0.415407 0.136009 1.31782
144703488 0 9.59779 13.9968 10.835 4.56135 0.628198 0.0117824 0.511058 0.100332 0.430763 0.556469 0.00467408 0.410508 0.136335 1.32183
144703488 0 9.58254 14.0248 10.7881 4.56594 0.629198 0.0119088 0.51288 0.0993852 0.429902 0.558887 0.00470128 0.413309 0.135873 1.3205
144703488 0 9.69208 13.9918 10.7961 4.60414 0.622086 0.011909 0.513592 0.0915702 0.430916 0.558471 0.00475588 0.410994 0.137745 1.30954
144703488 0 9.66981 14.0181 10.7975 4.59338 0.623519 0.0118641 0.515598 0.0909228 0.43011 0.558399 0.00474304 0.410786 0.13786 1.31261
144703488 0 9.65094 13.9935 10.7579 4.57253 0.624738 0.0116831 0.51334 0.0947237 0.430865 0.560455 0.00484724 0.409955 0.140677 1.31859
144703488 0 9.61292 13.9928 10.785 4.57361 0.627209 0.0121733 0.514108 0.0959174 0.430888 0.559045 0.00471432 0.412458 0.136915 1.31828
144703488 0 9.57318 13.9603 10.7803 4.55551 0.629813 0.0118913 0.513393 0.0994956 0.431889 0.559292 0.004719 0.41067 0.13885 1.32352
144703488 0 9.56553 14.0133 10.8181 4.60327 0.630316 0.011816 0.512101 0.10138 0.430258 0.557337 0.00473988 0.407606 0.139961 1.30979
144703488 0 9.67929 13.9874 10.7637 4.54296 0.622908 0.0119586 0.514388 0.0915446 0.431054 0.560151 0.00470944 0.413998 0.13646 1.32718
144703488 0 9.65919 13.9987 10.7655 4.58592 0.624205 0.0119137 0.514949 0.0923155 0.430707 0.560059 0.00465336 0.411306 0.139094 1.31475
289406976 0 11.9034 15.2244 12.3609 5.75832 1.01304 0.0119042 0.886662 0.109464 0.79206 0.975548 0.00483916 0.789193 0.176043 2.09412
289406976 0 11.8765 15.2279 12.4336 5.85408 1.01534 0.0118962 0.887689 0.110742 0.791876 0.969839 0.00464212 0.783216 0.176926 2.05987
289406976 0 11.91 15.2336 12.4417 5.7831 1.01248 0.0122021 0.886736 0.108516 0.791582 0.969207 0.00479116 0.7822 0.177232 2.08515
289406976 0 11.8867 15.2155 12.4186 5.66155 1.01446 0.0127277 0.887672 0.108916 0.79252 0.971013 0.00475584 0.788176 0.172996 2.12992
289406976 0 12.0309 15.2173 12.4185 5.77114 1.00231 0.0130211 0.886484 0.0977747 0.792429 0.97102 0.004671 0.784269 0.177048 2.08947
289406976 0 12.0019 15.1855 12.4519 5.66077 1.00472 0.0121237 0.886319 0.101254 0.794089 0.968419 0.0046838 0.778225 0.180346 2.13021
289406976 0 11.8927 15.2265 12.3695 5.74281 1.01396 0.0119411 0.888804 0.108206 0.791949 0.974869 0.00478792 0.782395 0.182692 2.09978
289406976 0 11.9662 15.2203 12.4657 5.80118 1.00773 0.0120308 0.886599 0.104107 0.79227 0.967344 0.00466612 0.781298 0.176447 2.07865
289406976 0 11.8603 15.211 12.4749 5.72102 1.01672 0.0116621 0.886657 0.113369 0.792759 0.966628 0.0046806 0.782676 0.174279 2.10777
289406976 0 11.8549 15.2277 12.4343 5.74814 1.01718 0.0118737 0.884633 0.115659 0.791885 0.969791 0.00489052 0.785772 0.174127 2.09783
289406976 0 11.9055 15.2336 12.4339 5.78097 1.01286 0.0116495 0.886566 0.1096 0.791579 0.969816 0.00474948 0.782933 0.177152 2.08592
289406976 0 11.8945 15.2248 12.4701 5.74465 1.0138 0.0118595 0.886641 0.110273 0.792036 0.967003 0.00469024 0.781451 0.175848 2.0991
289406976 0 11.9148 15.2278 12.4533 5.70643 1.01207 0.0118321 0.884417 0.110823 0.791882 0.968308 0.0046822 0.785144 0.173494 2.11316
289406976 0 11.8339 15.2125 12.4439 5.77459 1.01899 0.012026 0.884621 0.117308 0.79268 0.969041 0.00471592 0.783485 0.175826 2.08822
289406976 0 11.9127 15.2423 12.3119 5.7539 1.01225 0.011744 0.887051 0.108418 0.791127 0.979431 0.0047606 0.788658 0.181012 2.09573
289406976 0 11.9187 15.24 12.4354 5.68629 1.01174 0.0117695 0.884462 0.110493 0.791251 0.969698 0.00481364 0.78139 0.178513 2.12065
289406976 0 11.8916 15.2011 12.4134 5.78309 1.01405 0.0117008 0.88508 0.112252 0.793275 0.971423 0.00479428 0.78051 0.181086 2.08515
289406976 0 11.8883 15.2133 12.3766 5.68738 1.01433 0.0118273 0.886442 0.11102 0.792638 0.974308 0.00476712 0.785307 0.1792 2.12024
289406976 0 11.8951 15.2157 12.431 5.84168 1.01374 0.0115884 0.888186 0.108935 0.792513 0.970042 0.00469184 0.782 0.17821 2.06424
289406976 0 11.9268 15.223 12.3923 5.74667 1.01105 0.0117375 0.889247 0.105037 0.792132 0.973071 0.00469348 0.779034 0.184315 2.09837
578813952 0 13.5149 9.40216 13.428 6.16613 1.78449 0.0121044 1.65113 0.116221 2.56507 1.79605 0.00470776 1.5272 0.259127 3.91124
578813952 0 13.5414 9.60692 13.3896 6.21517 1.781 0.0119906 1.63809 0.125824 2.5104 1.8012 0.0046854 1.52306 0.268255 3.88038
578813952 0 13.545 10.1506 13.3609 6.19407 1.78053 0.011808 1.64105 0.122618 2.37594 1.80506 0.00481668 1.53133 0.263821 3.89361
578813952 0 13.5348 8.96106 13.4725 6.12644 1.78186 0.0119249 1.63891 0.126019 2.69134 1.7901 0.00480088 1.51643 0.263566 3.93659
578813952 0 13.5326 9.45857 13.4462 6.23064 1.78215 0.0117583 1.63451 0.130861 2.54978 1.79361 0.0047206 1.52393 0.259932 3.87075
578813952 0 13.5624 9.38549 13.4282 6.16695 1.77824 0.011784 1.63766 0.123676 2.56963 1.79601 0.00472548 1.51149 0.274749 3.91073
578813952 0 13.5313 9.42743 13.4142 6.18002 1.78233 0.0120371 1.63448 0.130822 2.5582 1.79789 0.00479752 1.53022 0.257869 3.90246
578813952 0 13.5947 9.2861 13.4042 6.14543 1.77402 0.0118946 1.63612 0.121 2.59714 1.79923 0.00479756 1.51986 0.269574 3.92442
578813952 0 13.5483 9.69279 13.4722 6.18761 1.7801 0.0120437 1.63612 0.126901 2.48816 1.79016 0.0048536 1.52623 0.253987 3.89767
578813952 0 13.5756 8.90368 13.3921 6.19711 1.77651 0.011643 1.6372 0.122442 2.70868 1.80085 0.00476232 1.51847 0.272507 3.8917
578813952 0 13.5525 9.06544 13.4524 6.1156 1.77954 0.0117647 1.63539 0.127283 2.66035 1.79279 0.00474148 1.52337 0.259645 3.94356
578813952 0 13.5262 9.24373 13.4356 6.15522 1.783 0.0120932 1.63548 0.130274 2.60904 1.79503 0.0048024 1.51667 0.268412 3.91818
578813952 0 13.5256 9.59194 13.4985 6.15378 1.78308 0.0117775 1.63462 0.131688 2.51433 1.78666 0.00485688 1.52698 0.249707 3.91909
578813952 0 13.514 9.73186 13.4685 6.07383 1.78461 0.0118752 1.63818 0.129542 2.47818 1.79064 0.00466132 1.52857 0.252375 3.97068
578813952 0 13.5204 9.45949 13.4612 6.11907 1.78376 0.0120195 1.63828 0.128449 2.54953 1.79161 0.00475752 1.52033 0.261548 3.94132
578813952 0 13.5392 9.15178 13.4267 6.11031 1.78129 0.0116847 1.6366 0.127949 2.63525 1.79622 0.00478952 1.51894 0.267536 3.94697
578813952 0 13.5261 9.60491 13.4343 6.18576 1.78302 0.0119106 1.63927 0.126815 2.51093 1.7952 0.00471576 1.53039 0.254613 3.89884
578813952 0 13.5842 9.4587 13.4163 6.23753 1.77539 0.0116654 1.63784 0.120787 2.54974 1.7976 0.0047928 1.52711 0.260687 3.86647
578813952 0 13.5634 9.64114 13.4147 6.11439 1.77812 0.0117022 1.63559 0.125818 2.50149 1.79782 0.00475108 1.51917 0.268751 3.94435
578813952 0 13.5737 9.7204 13.4126 6.1666 1.77677 0.0117952 1.63828 0.121694 2.4811 1.7981 0.00472388 1.52418 0.264213 3.91095
1157627904 0 14.566 5.87457 13.9211 6.13719 3.31144 0.0120308 3.11088 0.183504 8.21073 3.46484 0.00475592 2.99808 0.456494 7.85938
1157627904 0 14.5806 5.84439 13.9195 6.12552 3.30813 0.0117007 3.10925 0.182161 8.25313 3.46524 0.00475264 3.03047 0.424542 7.87436
1157627904 0 14.3347 5.90141 13.9207 6.12853 3.36487 0.011518 3.17223 0.176047 8.17339 3.46495 0.00472864 3.01699 0.438033 7.87049
1157627904 0 14.5435 6.22945 13.8716 6.15164 3.31656 0.011393 3.10912 0.19101 7.74298 3.47722 0.0047656 3.02861 0.438843 7.84091
1157627904 0 14.584 5.87071 13.9698 6.12545 3.30736 0.0116237 3.1104 0.180061 8.21612 3.45278 0.00473508 3.00721 0.43527 7.87445
1157627904 0 14.5721 6.07951 13.8757 5.97602 3.31005 0.0113835 3.11307 0.180569 7.93394 3.47619 0.00480068 3.03073 0.435238 8.07134
1157627904 0 14.5835 6.32866 13.9112 5.98582 3.30746 0.0116974 3.10114 0.18959 7.6216 3.46731 0.00471428 3.0352 0.422437 8.05813
1157627904 0 14.6046 5.74833 13.9407 6.09159 3.30269 0.0115372 3.1069 0.179135 8.39105 3.45999 0.0048008 3.02434 0.425838 7.91821
1157627904 0 14.6049 6.09415 13.8932 6.01277 3.30262 0.0115115 3.10016 0.18582 7.91488 3.47181 0.00475908 3.01512 0.446307 8.02201
1157627904 0 14.5551 6.5097 13.9381 6.06039 3.31392 0.0113673 3.10195 0.195559 7.40963 3.46062 0.0046982 3.01955 0.431407 7.95898
1157627904 0 14.5828 5.82678 13.9246 6.11572 3.30762 0.0117055 3.10262 0.188042 8.27807 3.46397 0.00471584 3.02635 0.427811 7.88697
1157627904 0 14.5954 6.17759 13.9254 6.05094 3.30478 0.0113642 3.10416 0.18402 7.80798 3.46378 0.0048072 3.0134 0.440386 7.97141
1157627904 0 14.5948 6.00305 13.9255 6.04745 3.30491 0.0113177 3.09945 0.18913 8.035 3.46376 0.00468064 3.02484 0.428836 7.976
1157627904 0 14.5953 5.80345 13.9285 6.12357 3.30481 0.0116606 3.09808 0.190048 8.31135 3.463 0.00477832 3.01518 0.437534 7.87686
1157627904 0 14.5435 5.84865 13.8978 6.19971 3.31658 0.0114314 3.1023 0.197836 8.24711 3.47066 0.00472712 3.02963 0.43132 7.78012
1157627904 0 14.5558 5.8313 13.9919 6.04553 3.31377 0.0113849 3.10287 0.194509 8.27165 3.4473 0.0046918 3.01081 0.426768 7.97854
1157627904 0 14.5632 6.21977 13.9416 6.04792 3.31207 0.0118354 3.10241 0.192805 7.75503 3.45975 0.00485052 3.01755 0.432235 7.97538
1157627904 0 14.5753 5.79428 13.8678 6.04735 3.30934 0.01176 3.09811 0.194469 8.32451 3.47815 0.00474784 3.01932 0.449094 7.97614
1157627904 0 14.5628 6.0367 13.8625 6.15624 3.31218 0.011175 3.10162 0.194367 7.99021 3.47949 0.00469512 3.04043 0.429409 7.83506
1157627904 0 14.5457 6.20253 13.9378 6.00764 3.31607 0.011252 3.10214 0.197536 7.77658 3.46069 0.0048472 3.01643 0.434334 8.02886
2315255808 0 15.1268 6.80568 14.2816 7.29789 6.37735 0.011473 6.058 0.302884 14.1748 6.75476 0.00477032 5.97109 0.773897 13.2187
2315255808 0 15.1308 6.85248 14.2877 7.46083 6.37567 0.0115966 6.05266 0.3064 14.078 6.75187 0.00482968 5.964 0.777332 12.9301
2315255808 0 15.1027 6.88294 14.2774 7.46699 6.38753 0.0116543 6.05568 0.31514 14.0157 6.75677 0.0047446 5.94968 0.797042 12.9194
2315255808 0 15.0226 6.64633 14.2702 7.58553 6.4216 0.0115164 6.11143 0.29359 14.5146 6.76019 0.00470612 5.9839 0.766417 12.7175
2315255808 0 15.1336 6.99331 14.2734 7.55917 6.37451 0.0113674 6.05469 0.303323 13.7945 6.75864 0.0049498 5.98642 0.762333 12.7618
2315255808 0 15.139 6.81808 14.2681 7.61264 6.37224 0.0118064 6.05489 0.300503 14.149 6.76115 0.00486476 5.96523 0.786054 12.6722
2315255808 0 15.1374 6.99108 14.3048 7.44404 6.37289 0.0116445 6.05254 0.303676 13.7989 6.7438 0.00484404 5.95762 0.776331 12.9592
2315255808 0 14.5366 6.91599 14.2581 7.38126 6.6363 0.0121204 6.19432 0.424859 13.9487 6.76591 0.00506196 5.95167 0.802977 13.0695
2315255808 0 15.1394 6.75719 14.2764 7.38436 6.37205 0.0118738 6.05304 0.302103 14.2765 6.75725 0.00472232 5.94405 0.803513 13.064
2315255808 0 15.1413 6.90109 14.2449 7.44552 6.37123 0.0118434 6.05184 0.302415 13.9788 6.77219 0.00492912 5.9857 0.776494 12.9566
2315255808 0 15.1339 6.83501 14.2304 7.47426 6.37436 0.0122711 6.05188 0.305165 14.114 6.77908 0.00486976 5.95467 0.814318 12.9068
2315255808 0 15.1161 7.03923 14.3021 7.45211 6.38187 0.0115052 6.05757 0.307769 13.7045 6.7451 0.00485676 5.96705 0.768094 12.9452
2315255808 0 15.1408 6.896 14.2838 7.35608 6.37147 0.0116542 6.05385 0.300924 13.9891 6.75374 0.00470956 5.97462 0.769437 13.1142
2315255808 0 15.1322 6.86839 14.2598 7.33654 6.3751 0.0117792 6.05435 0.303965 14.0454 6.76509 0.00476072 5.96992 0.785381 13.1491
2315255808 0 15.1279 6.87063 14.2768 7.46118 6.3769 0.011579 6.05443 0.305838 14.0408 6.75706 0.0048392 5.97172 0.774903 12.9295
2315255808 0 15.1483 6.85907 14.2789 7.47688 6.36829 0.0118385 6.05029 0.301143 14.0644 6.75607 0.00473988 5.98273 0.763538 12.9023
2315255808 0 15.1262 6.8203 14.2826 7.45938 6.37762 0.0117182 6.05155 0.309343 14.1444 6.75431 0.00477828 5.97745 0.76686 12.9326
2315255808 0 15.1281 6.96179 14.2856 7.33972 6.3768 0.011896 6.05294 0.306941 13.8569 6.75289 0.00469016 5.99475 0.748496 13.1434
2315255808 0 15.1407 6.91036 14.2763 7.52406 6.37152 0.01155 6.05847 0.296479 13.9601 6.75726 0.00473836 5.95781 0.789718 12.8214
2315255808 0 15.1455 6.73846 14.274 7.49777 6.36947 0.0116031 6.05387 0.298814 14.3162 6.75839 0.00492424 5.96443 0.783967 12.8664
4630511616 0 15.4614 6.40964 14.4326 8.96624 12.4787 0.0122712 11.9358 0.525566 30.1012 13.3682 0.00477836 11.8824 1.47607 21.5183
4630511616 0 15.4683 7.60638 14.4244 8.90918 12.4731 0.012135 11.9383 0.517575 25.3653 13.3758 0.00477996 11.9346 1.43075 21.6561
4630511616 0 15.4556 6.3805 14.3939 9.01892 12.4833 0.0123738 11.9374 0.528569 30.2387 13.4041 0.0049962 11.9435 1.45067 21.3926
4630511616 0 15.4695 7.30402 14.4218 8.94641 12.4722 0.0121014 11.9316 0.523323 26.4153 13.3782 0.00482484 11.8915 1.47659 21.566
4630511616 0 15.462 8.31358 14.4125 9.00609 12.4782 0.0121656 11.9388 0.522235 23.2076 13.3868 0.00472704 11.9566 1.41974 21.423
4630511616 0 15.4568 8.04105 14.4131 9.00616 12.4824 0.0121558 11.9269 0.538253 23.9941 13.3863 0.0047768 11.9058 1.47009 21.4229
4630511616 0 15.4711 7.92553 14.4276 9.02294 12.4709 0.0122999 11.9355 0.518114 24.3439 13.3729 0.00483444 11.874 1.48906 21.3831
4630511616 0 15.4653 8.23268 14.3977 8.94693 12.4755 0.011111 11.9329 0.526511 23.4356 13.4006 0.00473352 11.9713 1.41945 21.5647
4630511616 0 15.4525 8.09656 14.4156 9.00389 12.4859 0.0128801 11.9375 0.530472 23.8296 13.384 0.00476864 11.8671 1.50713 21.4283
4630511616 0 15.4627 7.8545 14.4214 9.05055 12.4776 0.0122473 11.9358 0.524567 24.564 13.3786 0.0049002 11.939 1.42925 21.3178
4630511616 0 15.4769 8.19785 14.4161 9.02195 12.4662 0.0120774 11.929 0.520139 23.5352 13.3835 0.0048072 11.8954 1.47821 21.3854
4630511616 0 15.4599 8.21719 14.4306 9.03332 12.4799 0.0123064 11.9381 0.524499 23.4798 13.37 0.00472708 11.9145 1.44571 21.3585
4630511616 0 15.4622 8.26041 14.4409 9.06545 12.478 0.0118882 11.9402 0.520815 23.357 13.3605 0.00477672 11.9292 1.42152 21.2828
4630511616 0 15.4707 7.39837 14.4357 9.00918 12.4712 0.0122504 11.9341 0.519825 26.0785 13.3653 0.0047304 11.8991 1.45644 21.4157
4630511616 0 15.4511 8.29988 14.4213 9.01722 12.487 0.0122054 11.9302 0.539542 23.2459 13.3787 0.00485684 11.9527 1.41612 21.3966
4630511616 0 15.4655 8.17116 14.4217 9.03215 12.4754 0.0120214 11.9328 0.525446 23.6121 13.3783 0.00479768 11.909 1.4595 21.3612
4630511616 0 15.471 8.17189 14.4018 9.05374 12.4709 0.0118691 11.9332 0.520879 23.6099 13.3968 0.00494032 11.9209 1.46589 21.3103
4630511616 0 15.4622 8.18559 14.4172 9.0172 12.478 0.0122006 11.9356 0.525245 23.5705 13.3825 0.00478484 11.9248 1.44725 21.3967
4630511616 0 15.4581 7.90826 14.4331 9.04637 12.4813 0.0122665 11.9508 0.513244 24.397 13.3677 0.00499472 11.9327 1.42486 21.3277
4630511616 0 15.4404 8.20183 14.4242 9.0484 12.4957 0.0120885 11.9408 0.537761 23.5238 13.376 0.00472056 11.9601 1.40592 21.3229
9261023232 0 15.6351 8.24268 14.496 9.9603 24.6802 0.0124604 23.704 0.958495 46.8144 26.6195 0.00472864 23.7636 2.84613 38.7414
9261023232 0 15.6246 3.1782 14.4828 9.98041 24.6967 0.0126349 23.7059 0.97309 121.413 26.6437 0.00478324 23.8289 2.80461 38.6633
9261023232 0 15.6245 8.43751 14.4853 10.0016 24.6969 0.0125647 23.6969 0.982348 45.7334 26.6392 0.0048056 23.8202 2.80823 38.5815
9261023232 0 15.6298 8.40944 14.476 10.0076 24.6884 0.0124379 23.7013 0.969677 45.886 26.6563 0.004796 23.8066 2.83983 38.5584
9261023232 0 15.626 8.53332 14.4793 10.0473 24.6944 0.0125052 23.6936 0.983283 45.2199 26.6503 0.00492912 23.7466 2.89329 38.4059
9261023232 0 15.6286 4.07141 14.4848 10.0179 24.6904 0.012401 23.6969 0.976098 94.7769 26.64 0.00473188 23.8596 2.77057 38.5185
9261023232 0 15.6163 9.1035 14.4991 9.96717 24.7098 0.0129328 23.726 0.965791 42.3876 26.6137 0.00489856 23.8189 2.78487 38.7147
9261023232 0 15.6242 2.29625 14.5089 9.99268 24.6974 0.0126846 23.7088 0.970739 168.046 26.5959 0.00478632 23.8006 2.78545 38.6159
9261023232 0 15.6303 8.91974 14.495 10.0192 24.6877 0.0127695 23.6926 0.97734 43.2609 26.6213 0.00480084 23.8027 2.80823 38.5136
9261023232 0 15.6286 8.72305 14.4977 10.0191 24.6903 0.0126414 23.6944 0.978223 44.2364 26.6164 0.0047736 23.8187 2.78781 38.514
9261023232 0 15.6291 9.13162 14.474 9.96246 24.6896 0.0128032 23.7005 0.971281 42.2571 26.6599 0.00480884 23.7425 2.90772 38.733
9261023232 0 15.6221 8.88537 14.481 10.0194 24.7006 0.0126766 23.7026 0.98032 43.4283 26.6471 0.00476236 23.8376 2.7997 38.513
9261023232 0 15.6268 3.29067 14.4878 9.99758 24.6932 0.0128178 23.7015 0.973795 117.264 26.6346 0.0047784 23.9095 2.71524 38.597
9261023232 0 15.63 1.12665 14.4774 10.0456 24.6881 0.0118289 23.6927 0.978515 342.497 26.6536 0.00482636 23.8615 2.78229 38.4124
9261023232 0 15.6236 1.10012 14.4813 10.0018 24.6982 0.0113868 23.708 0.973804 350.759 26.6465 0.0048056 23.8162 2.82045 38.5807
9261023232 0 15.6313 8.90969 14.4888 10.015 24.6861 0.0116944 23.6917 0.977684 43.3097 26.6327 0.00487448 23.8883 2.73391 38.5297
9261023232 0 15.6248 8.93576 14.5062 10.0186 24.6964 0.0116687 23.6876 0.992157 43.1833 26.6008 0.00485044 23.7893 2.8016 38.516
9261023232 0 15.6253 3.22893 14.4947 10.0139 24.6956 0.0121158 23.7003 0.978078 119.506 26.6218 0.004953 23.8565 2.7549 38.5339
9261023232 0 15.6295 9.24283 14.4773 10.0209 24.6889 0.0119444 23.7013 0.970627 41.7487 26.6539 0.00477028 23.8802 2.76391 38.5071
9261023232 0 15.5861 9.08859 14.4684 9.99351 24.7577 0.0125275 23.691 1.04907 42.4572 26.6703 0.00478972 23.8485 2.81187 38.6126
18522046464 0 15.7162 1.68824 14.5201 10.6669 49.1054 0.0131012 47.185 1.90234 457.133 53.1505 0.00474788 47.5743 5.56641 72.3504
18522046464 0 15.7214 1.12285 14.5344 10.6943 49.0892 0.0129169 47.2069 1.86428 687.314 53.0985 0.00476396 47.6638 5.42481 72.1651
18522046464 0 15.717 1.50306 14.5184 10.6119 49.103 0.01334 47.2081 1.87652 513.454 53.1569 0.00489048 47.5753 5.57118 72.7254
18522046464 0 15.7157 8.93197 14.5231 10.6836 49.1071 0.0130275 47.1969 1.89214 86.4033 53.1398 0.005038 47.6149 5.51441 72.2371
18522046464 0 15.7244 0.755868 14.539 10.6943 49.0799 0.0133544 47.2174 1.84406 1021.01 53.0813 0.00502032 47.8016 5.26979 72.165
18522046464 0 15.7166 1.07837 14.5074 10.6552 49.1044 0.013287 47.2173 1.86864 715.666 53.1969 0.00481516 47.7549 5.43212 72.4293
18522046464 0 15.7172 1.47365 14.4573 10.6996 49.1024 0.0130467 47.2088 1.87557 523.702 53.3814 0.00484564 47.6105 5.76096 72.1293
18522046464 0 15.7159 2.80154 14.5292 10.6783 49.1065 0.012901 47.2305 1.8581 275.474 53.1173 0.00496584 47.5914 5.51535 72.2731
18522046464 0 15.7137 2.01277 14.5241 10.6616 49.1132 0.0122232 47.231 1.86497 383.428 53.1358 0.00498344 47.644 5.48172 72.3861
18522046464 0 15.722 0.894891 14.502 10.6843 49.0875 0.0127215 47.2083 1.8614 862.398 53.2168 0.00497544 47.6938 5.51289 72.2325
18522046464 0 15.7205 1.67393 14.5104 10.6574 49.0921 0.0123049 47.2101 1.86473 461.043 53.186 0.0048392 47.5708 5.60521 72.4148
18522046464 0 15.7172 1.38693 14.5267 10.6764 49.1025 0.0127118 47.2081 1.87659 556.446 53.1264 0.004812 47.5923 5.52444 72.2856
18522046464 0 15.6707 4.00615 14.5095 10.6795 49.248 0.0131138 47.1908 2.03902 192.642 53.1896 0.00487448 47.5536 5.62588 72.2651
18522046464 0 15.7199 3.63702 14.5178 10.6893 49.094 0.0123801 47.2302 1.84642 212.194 53.159 0.00488416 47.815 5.33328 72.1988
18522046464 0 15.7143 1.47223 14.5149 10.6813 49.1113 0.0142694 47.2307 1.86111 524.206 53.1698 0.00531504 47.6236 5.5352 72.2527
18522046464 0 15.7143 3.58004 14.5204 10.6511 49.1115 0.014186 47.2221 1.86999 215.571 53.1494 0.00490192 47.6591 5.48021 72.4573
18522046464 0 15.709 2.91114 14.5166 10.6897 49.1279 0.0143014 47.2268 1.88162 265.103 53.1633 0.00503316 47.6136 5.53808 72.1961
18522046464 0 15.7169 1.81862 14.4942 10.6616 49.1033 0.014343 47.2109 1.87268 424.361 53.2457 0.00497064 47.6271 5.60811 72.3861
18522046464 0 15.7095 1.16231 14.4722 10.6555 49.1264 0.0144665 47.2281 1.8786 663.98 53.3266 0.00495776 47.6444 5.67165 72.4276
18522046464 0 15.7149 2.73367 14.5197 10.6734 49.1095 0.0137598 47.2148 1.8757 282.314 53.1522 0.0050748 47.6939 5.44779 72.3058
37044092928 0 15.7708 0.719494 14.5354 11.0474 97.8711 0.015387 94.1835 3.66678 2145.26 106.189 0.0051677 95.3657 10.8126 139.716
37044092928 0 15.7737 1.14875 14.5238 11.0473 97.8529 0.0153067 94.1906 3.64152 1343.63 106.274 0.0052638 95.3013 10.9619 139.718
37044092928 0 15.7666 0.897578 14.5451 11.0447 97.8972 0.0153953 94.1989 3.67731 1719.63 106.119 0.0048992 95.1957 10.9112 139.751
37044092928 0 15.7631 0.894688 14.5334 11.0608 97.9189 0.0151024 94.285 3.6134 1725.19 106.204 0.0048032 95.1052 11.0884 139.547
37044092928 0 15.7664 0.798837 14.5417 11.0507 97.8984 0.0154031 94.2211 3.65645 1932.19 106.143 0.004851 95.3918 10.7412 139.675
37044092928 0 15.7735 0.898466 14.5527 11.0087 97.854 0.0149745 94.2025 3.6311 1717.93 106.063 0.0047793 95.0173 11.0359 140.207
37044092928 0 15.767 2.39329 14.5637 11.0562 97.8943 0.0149105 94.1944 3.6793 644.929 105.983 0.0053721 95.4397 10.5316 139.605
37044092928 0 15.7647 1.0259 14.5569 11.0405 97.909 0.0152871 94.2459 3.64221 1504.54 106.033 0.0047711 95.1723 10.8503 139.804
37044092928 0 15.7664 1.1977 14.5487 11.0332 97.8985 0.0153591 94.252 3.62567 1288.72 106.093 0.0048431 95.1729 10.9095 139.896
37044092928 0 15.765 0.899134 14.522 11.054 97.9071 0.0150267 94.1836 3.70296 1716.66 106.287 0.0052558 95.4762 10.799 139.632
37044092928 0 15.7756 1.18912 14.5553 11.0569 97.8415 0.0151945 94.1947 3.62608 1298.02 106.044 0.0048273 94.9858 11.0482 139.596
37044092928 0 15.7638 1.44916 14.5817 11.0405 97.9142 0.0149782 94.246 3.64774 1065.1 105.852 0.0048952 94.79 11.0518 139.804
37044092928 0 15.7636 0.938086 14.5432 11.0643 97.9159 0.0152068 94.2332 3.66194 1645.38 106.132 0.004859 95.1345 10.9865 139.503
37044092928 0 15.773 2.15636 14.5579 11.0454 97.8573 0.014053 94.2181 3.6199 715.791 106.025 0.004739 95.1099 10.9049 139.742
37044092928 0 15.7703 0.718685 14.5445 11.0315 97.8739 0.0144095 94.2241 3.63012 2147.68 106.123 0.0048151 94.7381 11.3743 139.918
37044092928 0 15.7697 0.893332 14.5439 11.0506 97.8777 0.0148864 94.2207 3.63679 1727.81 106.127 0.0047711 95.0978 11.0192 139.676
37044092928 0 15.7732 0.898156 14.5474 11.049 97.8558 0.0154591 94.2222 3.61283 1718.52 106.102 0.0047992 95.1799 10.911 139.697
37044092928 0 15.7693 4.48986 14.5394 11.0314 97.8801 0.0143297 94.2677 3.5927 343.776 106.16 0.0048634 95.1004 11.0494 139.919
37044092928 0 15.7703 0.797493 14.5122 11.0457 97.8743 0.0183554 94.2205 3.6301 1935.44 106.359 0.0048192 95.4488 10.9 139.739
37044092928 0 15.7714 1.02683 14.5391 11.0691 97.8674 0.0148261 94.2004 3.64686 1503.17 106.162 0.0046869 95.3684 10.7839 139.443
74088185856 0 15.7977 1.59589 14.5811 11.2513 195.409 0.0151986 188.193 7.19566 1934.35 211.714 0.0047552 190.091 21.6121 274.368
74088185856 0 15.7936 1.43738 14.573 11.2516 195.459 0.0144973 188.102 7.33694 2147.66 211.83 0.0047392 189.307 22.5132 274.361
74088185856 0 15.8015 1.43795 14.5687 11.2422 195.362 0.0157716 188.168 7.17251 2146.81 211.893 0.0049034 189.497 22.3854 274.592
74088185856 0 15.7924 1.7932 14.5628 11.2471 195.475 0.0151265 188.192 7.26211 1721.51 211.978 0.0046989 190 21.9686 274.47
74088185856 0 15.7988 1.43844 14.5902 11.2377 195.395 0.0156074 188.094 7.2799 2146.08 211.581 0.0047591 189.952 21.6191 274.702
74088185856 0 15.794 1.44033 14.5668 11.2335 195.454 0.0164244 188.125 7.30719 2143.27 211.921 0.0047753 190.093 21.8177 274.803
74088185856 0 15.7985 1.43462 14.5964 11.2422 195.399 0.0163163 188.124 7.25324 2151.8 211.492 0.0048433 189.78 21.7018 274.592
74088185856 0 15.7996 1.81146 14.5779 11.2466 195.386 0.0155749 188.111 7.25358 1704.16 211.759 0.0049354 189.962 21.7862 274.483
74088185856 0 15.802 1.59946 14.598 11.2408 195.355 0.0149904 188.224 7.11065 1930.03 211.468 0.004671 189.838 21.618 274.625
74088185856 0 15.7987 1.4361 14.5489 11.2388 195.397 0.0151066 188.11 7.26644 2149.58 212.182 0.004743 190.666 21.5055 274.675
74088185856 0 15.7955 1.59537 14.5779 11.2482 195.436 0.0158718 188.219 7.19543 1934.98 211.759 0.0048232 190.032 21.7158 274.446
74088185856 0 15.7926 1.43463 14.5606 11.2504 195.471 0.0187477 188.217 7.22976 2151.78 212.011 0.0048072 190.553 21.4475 274.391
74088185856 0 15.7914 1.59658 14.5974 11.2322 195.486 0.0160599 188.216 7.24911 1933.52 211.477 0.004803 190.046 21.4207 274.836
74088185856 0 15.8007 1.79807 14.6022 11.2501 195.371 0.0167728 188.138 7.21141 1716.84 211.407 0.0048512 190.198 21.1981 274.397
74088185856 0 15.7993 1.43745 14.5673 11.2379 195.389 0.0143693 188.12 7.2493 2147.55 211.914 0.0046752 190.007 21.897 274.696
74088185856 0 15.8046 1.78502 14.5793 11.2457 195.324 0.0157474 188.13 7.17307 1729.4 211.739 0.0048553 190.338 21.391 274.506
74088185856 0 15.7986 1.59913 14.5797 11.2406 195.398 0.0156596 188.214 7.16292 1930.43 211.733 0.0047831 189.931 21.7919 274.629
74088185856 0 15.7988 1.43784 14.6332 11.252 195.395 0.0151226 188.105 7.26884 2146.98 210.959 0.0047111 189.74 21.2074 274.352
74088185856 0 15.801 1.43453 14.5724 11.2503 195.368 0.0157917 188.103 7.2427 2151.93 211.839 0.0046831 189.841 21.9883 274.393
74088185856 0 15.7902 1.43817 14.5699 11.2537 195.502 0.0144096 188.243 7.23928 2146.48 211.876 0.0047792 189.929 21.9371 274.31
148176371712 0 15.8177 2.86564 14.6245 11.3433 390.323 0.0175943 376.081 14.2188 2154.5 422.171 0.0049193 379.223 42.9373 544.289
148176371712 0 15.8194 2.8956 14.648 11.3438 390.281 0.0183513 376.021 14.2361 2132.21 421.493 0.0049714 379.206 42.2767 544.265
148176371712 0 15.8104 2.88998 14.6023 11.3471 390.503 0.0182112 375.962 14.5164 2136.35 422.812 0.0050113 379.6 43.2016 544.105
148176371712 0 15.7877 2.87337 14.6352 11.3425 391.065 0.0189443 376.01 15.0304 2148.7 421.859 0.0053441 379.662 42.1868 544.326
148176371712 0 15.8126 2.8543 14.6373 11.3487 390.45 0.0174258 375.955 14.4727 2163.06 421.8 0.0048671 379.569 42.2204 544.027
148176371712 0 15.8128 2.87989 14.6196 11.3435 390.443 0.0182034 376.033 14.3868 2143.84 422.31 0.0050435 379.64 42.6594 544.278
148176371712 0 15.8122 2.87833 14.6018 11.3472 390.46 0.018067 376.05 14.3858 2145 422.827 0.0049075 379.056 43.7609 544.099
148176371712 0 15.8144 2.87174 14.6102 11.3415 390.405 0.0179468 376.097 14.2845 2149.92 422.583 0.0049595 379.543 43.0294 544.373
148176371712 0 15.8137 2.8705 14.6076 11.3378 390.421 0.0188039 375.949 14.4476 2150.85 422.658 0.0050356 379.431 43.2157 544.549
148176371712 0 15.8108 2.87676 14.6304 11.3436 390.493 0.0176905 376.022 14.448 2146.17 422 0.0049916 379.855 42.1347 544.272
148176371712 0 15.8155 2.87989 14.6306 11.3511 390.378 0.0178987 376.027 14.3278 2143.84 421.994 0.0049874 380.136 41.8477 543.914
148176371712 0 15.8157 2.86733 14.5968 11.3418 390.372 0.0168771 375.884 14.4661 2153.23 422.971 0.0048873 379.292 43.6689 544.359
148176371712 0 15.8112 2.88101 14.6255 11.3477 390.484 0.0180309 375.985 14.4757 2143 422.141 0.0049474 379.816 42.3148 544.077
148176371712 0 15.8099 2.88028 14.6261 11.3421 390.516 0.0170774 376.056 14.4379 2143.55 422.123 0.0048791 379.088 43.025 544.343
148176371712 0 15.8082 2.87351 14.5998 11.3429 390.557 0.0169814 376.196 14.3386 2148.6 422.884 0.0049352 378.581 44.2933 544.306
148176371712 0 15.8148 2.87343 14.6029 11.3424 390.394 0.0181071 375.997 14.3732 2148.66 422.793 0.0048833 378.632 44.1497 544.33
148176371712 0 15.8129 3.19992 14.6012 11.342 390.442 0.0175822 376.047 14.3722 1929.43 422.844 0.0049073 379.867 42.9656 544.351
148176371712 0 15.8123 3.20223 14.6231 11.3442 390.456 0.0191166 375.98 14.4512 1928.03 422.21 0.0049233 379.641 42.5582 544.244
148176371712 0 15.8122 2.86563 14.6315 11.3497 390.459 0.0168731 376.025 14.4115 2154.5 421.966 0.0049035 379.003 42.9526 543.981
148176371712 0 15.8142 2.86244 14.6543 11.3417 390.411 0.0188362 375.982 14.4042 2156.9 421.31 0.0048954 379.368 41.931 544.366
