144703488 0 9.62642 14.0031 10.7657 4.56725 0.62633 0.0121221 0.51363 0.0955425 0.430569 0.560047 0.00473028 0.413322 0.136847 1.32012
144703488 0 9.60784 13.9877 10.799 4.55941 0.627541 0.012034 0.5119 0.0985903 0.431045 0.558323 0.00466936 0.410944 0.137687 1.32239
289406976 0 11.893 15.1992 12.4529 5.71018 1.01393 0.0119971 0.885789 0.111002 0.793372 0.968342 0.0047832 0.777744 0.18082 2.11178
289406976 0 11.8255 15.18 12.4348 5.57714 1.01971 0.0119522 0.889327 0.113345 0.794376 0.969746 0.00470312 0.784228 0.175838 2.16215
578813952 0 13.548 9.48214 13.4393 6.08647 1.78014 0.0124971 1.62642 0.1362 2.54344 1.79453 0.00533592 1.51448 0.26965 3.96243
578813952 0 13.5485 9.63666 13.4481 6.08483 1.78006 0.0120469 1.62585 0.137125 2.50266 1.79336 0.00480244 1.5225 0.260847 3.96351
1157627904 0 14.5769 5.82075 13.9395 6.00499 3.30897 0.0121878 3.0983 0.193386 8.28665 3.46028 0.00475432 3.00634 0.444234 8.03241
1157627904 0 14.5732 6.10693 13.9319 6.15375 3.30981 0.0124634 3.1034 0.1888 7.89832 3.46215 0.00475428 3.00228 0.450118 7.83823
2315255808 0 15.1322 7.08777 14.2856 7.48538 6.37506 0.011563 6.04726 0.311069 13.6106 6.75286 0.00481036 5.96101 0.781906 12.8876
2315255808 0 15.1421 6.9608 14.2939 7.39798 6.37091 0.0112889 6.05397 0.300628 13.8589 6.74894 0.00499776 5.94814 0.790605 13.0399
4630511616 0 15.4613 5.80789 14.4033 8.88372 12.4788 0.0118546 11.9316 0.53022 33.22 13.3954 0.00474636 11.9364 1.44921 21.7181
4630511616 0 15.4643 6.73988 14.4116 8.96291 12.4763 0.0113146 11.9287 0.531228 28.6263 13.3877 0.00477988 11.9516 1.42578 21.5263
9261023232 0 15.6322 2.45125 14.4796 10.0093 24.6847 0.0115901 23.6792 0.98892 157.42 26.6495 0.00512288 23.8793 2.7599 38.5518
9261023232 0 15.6343 3.43373 14.4582 9.99297 24.6813 0.0114156 23.673 0.991925 112.378 26.6891 0.00479264 23.7867 2.89269 38.6148
18522046464 0 15.7218 0.98627 14.5152 10.6981 49.0879 0.012106 47.1674 1.90322 782.496 53.1686 0.00480724 47.5137 5.64451 72.1389
18522046464 0 15.7229 1.53107 14.5211 10.6731 49.0844 0.0127984 47.1776 1.88901 504.062 53.147 0.00481032 47.6666 5.47043 72.3082
37044092928 0 15.7739 0.903391 14.4857 11.0558 97.8516 0.012815 94.1286 3.70486 1708.57 106.554 0.0051398 95.4019 11.1415 139.61
37044092928 0 15.7671 0.8934 14.5307 11.051 97.8942 0.0145137 94.1815 3.69287 1727.67 106.223 0.0047271 94.9545 11.2588 139.671
74088185856 0 15.8023 1.43755 14.5905 11.2547 195.352 0.0149184 188.116 7.21588 2147.41 211.576 0.0048792 190.75 20.816 274.287
74088185856 0 15.8038 1.44197 14.5484 11.2476 195.333 0.0160641 188.149 7.16232 2140.83 212.188 0.0048434 190.028 22.1496 274.46
148176371712 0 15.8178 2.87643 14.64 11.3439 390.321 0.0187361 375.99 14.3063 2146.41 421.724 0.0048991 379.839 41.874 544.258
148176371712 0 15.8163 2.86649 14.6347 11.3477 390.357 0.0196171 375.995 14.3368 2153.86 421.876 0.0049195 379.049 42.8167 544.075
