12.9
38.5
33.8
27.7
29.6
37.3
29.5
38.6
44.4
30.3
42.7
24.3
23.8
27.7
29.4
23.8
45.7
56.4
44.2
32.0
31.0
29.0
22.4
32.6
27.1
56.4
37.2
30.5
30.5
38.1
30.8
31.9
37.3
57.4
40.4
28.9
37.7
60.6
39.0
22.9
29.1
40.6
60.0
22.4
58.6
62.4
37.0
29.0
38.6
24.6
38.6
38.4
40.9
61.3
38.1
39.4
62.2
44.9
39.2
60.5
56.7
60.1
28.8
23.2
40.6
40.7
26.5
31.0
37.5
40.1
27.0
23.1
38.1
59.1
38.2
41.4
61.7
37.4
37.0
60.2
60.2
26.8
39.8
37.3
59.3
41.3
29.5
61.5
60.6
28.5
30.0
28.2
38.4
60.6
25.3
31.3
60.4
37.1
60.5
59.1
60.3
22.5
38.5
36.0
59.7
42.8
29.4
59.4
40.5
38.4
31.1
28.8
36.6
31.0
38.8
29.1
29.6
42.9
22.7
64.2
27.1
38.4
29.2
31.0
30.0
26.1
38.6
22.1
29.7
40.2
25.1
31.9
42.8
40.1
59.2
66.4
37.3
40.0
61.0
30.0
30.9
29.2
45.2
36.4
39.7
22.7
30.0
38.7
37.7
66.4
41.7
37.4
30.8
32.9
48.1
43.5
31.6
29.4
42.7
32.0
23.1
64.7
30.6
42.6
31.8
37.6
26.9
27.3
29.9
38.0
23.3
29.8
47.5
39.7
41.3
46.1
40.2
23.3
31.8
41.5
40.7
28.6
27.9
63.5
30.1
29.3
22.3
65.6
61.3
22.2
33.2
38.9
33.5
28.7
46.1
66.1
40.4
45.9
28.3
43.2
32.6
40.2
63.6
39.4
63.4
39.7
39.6
23.4
27.9
39.4
33.0
34.3
63.2
63.1
37.9
24.7
40.2
31.7
30.5
63.5
38.3
23.4
43.5
46.3
37.5
25.7
21.8
37.7
39.3
26.6
60.8
24.0
61.9
43.1
30.4
62.9
40.6
41.8
40.6
37.3
29.4
39.8
39.8
39.4
66.3
42.7
38.2
29.6
42.0
62.7
31.7
38.1
44.7
24.1
28.5
25.4
44.1
60.2
43.7
39.7
37.9
44.9
60.0
25.9
31.0
30.0
58.8
21.1
37.0
60.2
63.8
43.3
36.9
59.4
58.4
57.5
63.8
39.7
30.4
29.9
30.0
31.1
34.5
30.9
28.4
40.2
38.4
58.1
20.7
30.2
22.6
30.0
22.9
37.4
36.6
30.0
23.1
41.8
27.6
28.7
29.9
28.4
40.1
57.4
27.3
58.9
32.6
37.4
59.4
27.0
43.0
22.6
43.4
37.4
38.8
30.6
60.8
28.2
27.1
35.9
14.1