14.0
75.9
78.2
79.9
77.1
76.8
75.3
75.5
76.9
78.5
76.6
76.4
79.0
76.9
80.1
78.7
79.4
75.9
77.7
79.2
80.6
77.5
78.9
77.8
79.0
76.6
79.7
76.5
78.6
79.6
80.4
79.0
77.2
76.4
82.3
78.4
79.7
80.3
77.5
79.4
78.2
80.4
81.0
78.8
77.6
79.8
78.7
79.5
78.5
77.8
78.7
76.9
77.1
80.3
79.6
79.8
80.5
80.0
81.3
78.8
76.2
79.9
79.2
79.4
79.5
76.6
77.9
79.9
80.3
78.9
80.0
79.4
78.9
79.0
80.2
82.6
83.5
79.1
78.4
78.5
79.4
80.0
78.0
79.9
79.1
80.9
77.3
80.2
81.0
76.8
76.8
74.4
81.2
80.7
78.3
78.7
79.5
78.4
74.6
78.1
