144871424 0 8.30852 6.61537 9.26481 3.39321 0.726521 0.0410548 0.67399 0.0053006 0.912467 0.651531 0.0293046 0.408034 0.209162 1.77894
144105472 0 8.66124 11.4217 9.65076 4.18469 0.693249 0.0468748 0.620725 0.0207622 0.525701 0.622168 0.0450786 0.414955 0.157326 1.43485
144211968 0 7.87138 11.611 9.51333 4.23797 0.763377 0.0310944 0.702499 0.0246368 0.51751 0.631622 0.0215682 0.424432 0.180714 1.41786
144439296 0 7.58153 12.5196 9.56212 4.20699 0.793812 0.100568 0.663999 0.0242634 0.480709 0.62939 0.044782 0.406559 0.173113 1.43055
144506880 0 8.5525 8.41504 9.45566 3.58925 0.704019 0.0557522 0.63807 0.00517404 0.715519 0.636774 0.0408464 0.416444 0.174571 1.67754
144873472 0 7.80193 7.84115 9.51155 4.23492 0.773705 0.0510971 0.696928 0.020735 0.769835 0.634638 0.0305271 0.42298 0.176053 1.42539
145043456 0 8.06306 11.5356 9.39582 4.11286 0.749526 0.0500249 0.673914 0.0205908 0.523897 0.643209 0.0257088 0.422275 0.190207 1.46941
144625664 0 7.73434 12.2842 9.47213 4.11519 0.779132 0.0389477 0.729905 0.00506844 0.490556 0.636189 0.0275724 0.440858 0.162781 1.46435
144990208 0 8.03514 11.7252 9.5319 4.36161 0.751855 0.0651179 0.676082 0.00560356 0.515239 0.633794 0.0582628 0.413971 0.156634 1.3851
144240640 0 7.85321 12.4522 9.46556 4.25116 0.765295 0.0516131 0.68939 0.019195 0.482648 0.634936 0.0299375 0.426878 0.173198 1.41374
145256448 0 8.63192 10.7715 9.38497 3.95055 0.70116 0.0388691 0.51837 0.138905 0.561883 0.644898 0.0271044 0.452337 0.160516 1.53203
145025024 0 9.06276 6.55882 9.61543 4.27916 0.666763 0.053169 0.523663 0.084925 0.921311 0.628439 0.0407344 0.405012 0.177715 1.41212
144408576 0 7.91622 11.5849 9.19408 3.97646 0.760088 0.0589857 0.691046 0.00488896 0.519386 0.654445 0.0446185 0.423834 0.181097 1.51316
144271360 0 7.8457 10.0701 9.55538 4.08528 0.766191 0.0468491 0.709483 0.00475268 0.596948 0.629102 0.0410486 0.424145 0.158999 1.47145
144312320 0 8.55918 11.2789 9.46389 4.2738 0.702522 0.0540968 0.620526 0.0229479 0.533119 0.635364 0.0449054 0.395399 0.19014 1.40695
144803840 0 8.78769 12.6325 9.77865 4.34693 0.686584 0.0638216 0.612115 0.00510204 0.477617 0.617007 0.0295255 0.412486 0.169943 1.38799
144723968 0 7.66578 6.89704 9.55479 4.11713 0.786635 0.0845552 0.67922 0.017926 0.874313 0.631114 0.0468811 0.422666 0.156627 1.46465
145231872 0 7.85354 10.3713 9.45262 4.21235 0.770523 0.0459983 0.714708 0.00483288 0.583469 0.640174 0.0382507 0.420318 0.176596 1.43657
145104896 0 8.8444 11.6672 9.52124 4.02302 0.683601 0.0479612 0.526901 0.103532 0.518207 0.635005 0.0357269 0.398483 0.195703 1.50286
144656384 0 9.13194 8.97484 9.71977 3.82162 0.66003 0.0386497 0.504793 0.111421 0.671583 0.620113 0.024858 0.421581 0.168729 1.57717
289503232 0 10.3907 9.73705 11.0924 4.97081 1.1609 0.0320846 1.11887 0.00498028 1.23884 1.08747 0.0229447 0.813138 0.246451 2.42669
289204224 0 10.5017 10.5103 10.9774 5.11686 1.14745 0.0373582 1.0789 0.02618 1.14651 1.09772 0.0279297 0.829811 0.235046 2.355
289181696 0 10.3338 5.96885 11.1447 4.7504 1.166 0.0416125 1.09884 0.0205634 2.01869 1.08117 0.0325958 0.789596 0.254078 2.53647
289781760 0 10.4738 8.5373 10.7666 4.50405 1.1528 0.0548082 0.960954 0.131949 1.41429 1.12145 0.04454 0.824329 0.247664 2.68075
289189888 0 10.7523 7.25808 11.0892 5.08414 1.12065 0.0649594 1.04545 0.00508272 1.66016 1.08661 0.0508406 0.761024 0.26974 2.37003
289366016 0 10.0492 6.37673 11.0045 4.00542 1.19978 0.06868 1.10653 0.0195139 1.89077 1.09563 0.0347737 0.838278 0.217331 3.01015
289060864 0 10.6897 7.86808 11.2059 4.45663 1.12671 0.0558049 1.06066 0.00507648 1.53077 1.07481 0.0354994 0.786055 0.248117 2.70254
289112064 0 10.1021 5.36562 10.9259 4.98853 1.19246 0.060782 1.12189 0.004788 2.2451 1.10255 0.0447178 0.757388 0.295494 2.41481
289517568 0 10.4493 10.9531 11.0559 4.367 1.15445 0.061705 1.08251 0.0051196 1.10136 1.09111 0.0518053 0.805557 0.228793 2.76236
289894400 0 10.0083 6.79934 11.039 4.73077 1.2069 0.0389174 1.15826 0.00477352 1.77649 1.0942 0.0297724 0.817006 0.242514 2.55327
289822720 0 10.5053 9.67572 11.3596 4.8091 1.14952 0.0585387 1.08096 0.00481844 1.24807 1.06306 0.047349 0.763897 0.246868 2.51106
289673216 0 10.5947 7.29169 11.0782 3.76037 1.13922 0.0660346 1.06292 0.0051084 1.65527 1.0895 0.0644754 0.789203 0.230885 3.20972
289515520 0 10.2979 8.08276 10.8193 4.64192 1.17142 0.0635076 1.09801 0.00485052 1.49245 1.11496 0.0551254 0.824348 0.230563 2.59874
289824768 0 9.63343 6.78853 10.6149 4.66572 1.25356 0.100744 1.1429 0.00488084 1.77889 1.13765 0.0453429 0.798007 0.288495 2.58824
288843776 0 10.0903 11.6061 10.9582 4.9375 1.19274 0.0531545 1.10657 0.0280002 1.03697 1.09828 0.0319869 0.817973 0.24324 2.4375
289613824 0 10.4544 7.17326 11.0384 4.67447 1.15428 0.0896843 1.02395 0.03565 1.68225 1.0932 0.0325091 0.783821 0.271929 2.58152
289275904 0 10.1342 6.52788 10.9085 3.90636 1.18935 0.0717758 1.10762 0.0050364 1.84641 1.10493 0.0626726 0.790865 0.246283 3.08552
289198080 0 9.95589 12.0229 10.9732 5.08969 1.21033 0.0684974 1.09596 0.0408964 1.00225 1.09812 0.0403402 0.796066 0.256713 2.36751
288987136 0 10.6182 9.04362 11.0213 4.60827 1.13401 0.0580417 1.06583 0.0051678 1.33145 1.09254 0.0488089 0.816344 0.222463 2.61294
289320960 0 10.6264 7.77554 11.1527 5.0415 1.13444 0.0788857 1.02023 0.0303285 1.55038 1.08091 0.0410646 0.79457 0.240335 2.39116
578967552 0 11.7632 6.68271 11.8943 4.87317 2.05077 0.109802 1.89364 0.0421159 3.60986 2.02816 0.104479 1.51485 0.403873 4.9503
578865152 0 11.2333 11.4528 11.7504 5.45882 2.14713 0.056292 2.04112 0.0447532 2.10597 2.05265 0.0475029 1.53693 0.463274 4.41842
578508800 0 12.0607 9.41188 11.9426 5.37629 1.9986 0.0651163 1.92272 0.00534712 2.56107 2.01836 0.056683 1.55587 0.400876 4.48349
578306048 0 11.3994 6.23485 12.117 4.92273 2.1138 0.0823244 2.02122 0.00515976 3.86474 1.98863 0.0767208 1.51773 0.389157 4.89486
579215360 0 11.4044 5.60836 11.9913 5.3201 2.1162 0.0963902 1.9746 0.0400806 4.30321 2.01263 0.126302 1.57898 0.302426 4.53637
578840576 0 11.7495 9.29013 11.7748 4.89666 2.05272 0.102856 1.93958 0.00529752 2.59613 2.0483 0.0983515 1.58654 0.358332 4.92547
579125248 0 11.9452 7.49698 12.2154 5.158 2.02007 0.063301 1.94585 0.00540012 3.21866 1.9754 0.0509098 1.59491 0.324636 4.67821
579266560 0 11.7694 7.1156 11.9886 4.95697 2.05075 0.0920782 1.94828 0.00525588 3.392 2.01326 0.0519255 1.57403 0.382399 4.86912
578754560 0 11.9472 9.08275 12.0234 5.77148 2.01845 0.0950299 1.91259 0.0052398 2.65501 2.00565 0.0670407 1.51977 0.413909 4.17826
578670592 0 12.1011 8.97898 12.0156 4.68659 1.99249 0.0841511 1.84656 0.0568191 2.6853 2.00667 0.0878414 1.50586 0.407857 5.14474
578377728 0 12.3434 9.96267 11.9627 4.50103 1.95239 0.101382 1.84101 0.00490332 2.41894 2.01451 0.0875498 1.49813 0.423924 5.35412
578596864 0 11.8691 6.76704 11.912 5.21332 2.03118 0.0669592 1.95435 0.00481532 3.56259 2.02386 0.0570611 1.62455 0.337251 4.62435
579112960 0 11.9219 7.66003 11.8316 5.0413 2.02398 0.165849 1.84845 0.00473344 3.15008 2.03943 0.178961 1.43052 0.424903 4.7864
578621440 0 11.5947 8.4593 12.0716 5.30799 2.07934 0.16783 1.90049 0.00607944 2.85003 1.99718 0.0930122 1.49296 0.406208 4.54207
578017280 0 11.684 11.3415 11.9988 5.32336 2.06128 0.101802 1.92829 0.0261944 2.12353 2.0072 0.0927047 1.51749 0.392062 4.52422
578840576 0 12.1095 5.29491 12.1086 5.10618 1.99169 0.116113 1.8315 0.0391207 4.55501 1.99183 0.0743509 1.49666 0.41584 4.72337
579250176 0 11.8985 12.0909 11.84 5.43979 2.02844 0.068228 1.93152 0.023749 1.99616 2.03847 0.0594599 1.60287 0.371066 4.43683
578310144 0 12.299 7.32185 12.1816 4.96596 1.9592 0.0461617 1.9033 0.00478156 3.29101 1.97809 0.0381914 1.55315 0.381814 4.85229
578568192 0 11.5356 12.1497 11.9853 5.41852 2.0898 0.0642398 1.82115 0.199401 1.98416 2.01138 0.053007 1.60955 0.343883 4.449
578392064 0 11.2551 9.48113 11.9726 5.63389 2.14122 0.0661161 2.0287 0.041414 2.54186 2.0129 0.0596154 1.47206 0.476256 4.27762
1157146624 0 13.0256 4.63976 12.3033 4.58118 3.7015 0.109745 3.54201 0.044782 10.3916 3.91883 0.0992167 3.13274 0.681672 10.5245
1157629952 0 12.7273 5.24376 12.3303 4.8089 3.78984 0.0804414 3.54694 0.157449 9.19848 3.91189 0.0709521 3.18981 0.646066 10.0303
1157642240 0 12.8511 5.84164 12.1802 5.38013 3.75337 0.169185 3.57458 0.00465172 8.25712 3.96012 0.155136 3.18307 0.616961 8.96541
1158021120 0 12.9638 4.83287 12.6169 5.5849 3.72198 0.117271 3.56476 0.0349658 9.9839 3.82429 0.100922 2.99235 0.725834 8.63952
1157879808 0 12.724 12.2187 12.1048 5.78849 3.79164 0.178865 3.60209 0.00524784 3.94846 3.98562 0.117452 3.14365 0.719573 8.33464
1157435392 0 13.4402 8.13851 12.9041 6.20852 3.58822 0.154833 3.39902 0.0294167 5.92571 3.73729 0.137863 2.88664 0.707819 7.76779
1157101568 0 13.1023 5.48316 12.4849 4.65727 3.67971 0.14999 3.28759 0.237115 8.79285 3.86167 0.134112 3.0798 0.642568 10.3521
1158133760 0 12.9505 5.56839 12.6404 4.77161 3.72615 0.204079 3.46852 0.0485476 8.66598 3.81757 0.0365474 3.13518 0.640724 10.1131
1157644288 0 13.2419 5.15187 12.8092 5.41143 3.64261 0.150054 3.4223 0.0653056 9.36265 3.76568 0.138995 3.04274 0.578939 8.91358
1157042176 0 12.755 8.11577 12.5027 5.53725 3.77969 0.157624 3.59453 0.0224622 5.9403 3.85599 0.075032 3.09696 0.67889 8.70651
1157349376 0 12.9969 5.3463 12.2818 5.51985 3.71033 0.164884 3.53529 0.00518848 9.01986 3.92636 0.076543 3.19175 0.653136 8.73627
1156890624 0 13.0326 8.35824 12.3666 5.28546 3.69872 0.0616552 3.62728 0.00482952 5.76722 3.89789 0.052068 3.15407 0.686791 9.12007
1157349376 0 13.6159 7.25577 12.8904 5.9004 3.54167 0.145031 3.38645 0.00527836 6.64614 3.74098 0.136432 2.98752 0.612073 8.17282
1157736448 0 12.7748 6.85528 12.2485 5.14415 3.7761 0.183054 3.58327 0.0048488 7.03677 3.93835 0.198648 3.15309 0.581615 9.37746
1157971968 0 12.102 7.70548 12.2544 5.22937 3.98685 0.162026 3.78886 0.0309951 6.26162 3.93728 0.0681482 3.3325 0.531555 9.22651
1158088704 0 12.6959 11.1095 12.3565 5.94585 3.80073 0.0521595 3.72035 0.023153 4.34345 3.90514 0.044843 3.06369 0.79153 8.11553
1158092800 0 13.1103 5.59602 12.6687 5.19002 3.6806 0.24572 3.40002 0.0299022 8.6229 3.80892 0.23069 2.92099 0.652176 9.29744
1158080512 0 12.7504 6.01136 12.7389 5.58793 3.78447 0.245057 3.52959 0.00482312 8.02702 3.78787 0.210264 2.991 0.581657 8.63528
1158053888 0 12.6414 5.89493 12.3722 5.10099 3.817 0.172669 3.57048 0.0688773 8.18537 3.90005 0.159592 3.09642 0.638747 9.4594
1157472256 0 13.1433 5.35634 12.4334 5.31301 3.66941 0.133873 3.52584 0.00469816 9.00392 3.87891 0.115592 3.01728 0.741079 9.07735
2315481088 0 13.1564 7.24353 12.5295 6.252 7.33318 0.336098 6.94096 0.0509721 13.3192 7.70011 0.147617 6.24352 1.30399 15.4316
2315749376 0 13.6672 6.39741 12.3396 5.6061 7.05995 0.321342 6.56864 0.165011 15.0826 7.81954 0.299466 6.37021 1.14405 17.2115
2315206656 0 13.2124 7.28327 12.6464 5.64454 7.30125 0.359658 6.91298 0.0235023 13.245 7.62804 0.348956 5.98265 1.2915 17.0903
2315702272 0 13.5478 6.85665 12.7087 5.63318 7.122 0.257908 6.85443 0.00472384 14.0721 7.59226 0.282737 6.16739 1.13716 17.1284
2314899456 0 13.3394 6.2404 12.2007 5.29603 7.23076 0.127965 7.06623 0.0315448 15.4564 7.90563 0.110993 6.18018 1.60935 18.2125
2315372544 0 13.3509 6.45562 12.8664 5.63042 7.22603 0.379688 6.83603 0.00479596 14.9442 7.4981 0.136198 6.31242 1.04438 17.1344
2315165696 0 13.3382 6.75181 12.4234 6.24988 7.23226 0.215438 7.00712 0.00472724 14.2873 7.76482 0.306044 6.16133 1.29217 15.4347
2315753472 0 12.7202 5.83515 12.429 5.93131 7.58552 0.203621 7.33776 0.0391593 16.536 7.76325 0.196599 6.36221 1.19904 16.2679
2315718656 0 12.5991 9.61733 12.4174 5.98586 7.65836 0.337323 7.28404 0.0320302 10.0328 7.7704 0.342745 6.25704 1.16547 16.1194
2315362304 0 13.1978 7.34573 12.5116 5.57832 7.30984 0.238336 7.03369 0.0326838 13.1333 7.71069 0.227658 6.19269 1.2853 17.2944
2315538432 0 14.1615 6.19492 13.2061 6.17262 6.81289 0.28571 6.50599 0.0162146 15.5742 7.30576 0.280513 5.99359 1.02666 15.6305
2315284480 0 13.3478 6.16591 12.6827 6.3818 7.2274 0.246561 6.97098 0.00488244 15.6457 7.60645 0.101037 6.07623 1.42424 15.1164
2315038720 0 13.8628 6.47028 12.4102 5.52129 6.95817 0.171707 6.67249 0.108843 14.9082 7.77262 0.163843 6.21894 1.38491 17.4705
2314665984 0 13.3762 6.63721 12.7634 5.88221 7.21016 0.132869 7.06665 0.0051052 14.5309 7.55632 0.122729 6.08518 1.34343 16.396
2315479040 0 13.2029 7.47358 12.5403 5.97419 7.30736 0.156002 7.14155 0.00481204 12.9092 7.69348 0.142727 6.4225 1.1233 16.1492
2315673600 0 13.6546 12.9472 12.6858 6.13945 7.06623 0.207897 6.84864 0.00469988 7.4523 7.60586 0.167887 6.12017 1.31275 15.7158
2314805248 0 13.6714 7.39951 12.9687 5.85878 7.05487 0.21154 6.77532 0.0629082 13.0347 7.43713 0.197573 5.81735 1.41709 16.4625
2315096064 0 13.1524 7.4173 12.6466 5.64536 7.33418 0.354404 6.94645 0.0282951 13.005 7.62753 0.319368 6.02436 1.27869 17.087
2315311104 0 13.8889 6.28514 12.6119 5.52837 6.94591 0.167443 6.62654 0.146955 15.3491 7.64923 0.25499 6.26204 1.12716 17.4502
2314911744 0 13.546 7.76133 12.4126 5.81224 7.12054 0.130483 6.84368 0.14131 12.4276 7.7707 0.120277 6.21595 1.42952 16.5951
4630962176 0 14.2517 7.85858 13.177 6.58081 13.5392 0.660336 12.8691 0.00475592 24.5536 14.6435 0.671246 11.6715 2.29578 29.3211
4630476800 0 14.1175 8.15275 12.3049 6.39659 13.6664 0.394518 13.262 0.00492888 23.6652 15.6796 0.406648 12.4165 2.85151 30.1624
4630824960 0 13.6626 9.7531 12.9542 6.63333 14.1226 0.75572 13.3572 0.00464692 19.7836 14.8948 0.585716 12.0264 2.27769 29.0881
4630378496 0 14.211 6.8825 13.0369 6.18122 13.5763 0.457592 13.1088 0.00486964 28.0323 14.799 0.406427 12.0647 2.32261 31.2127
4630552576 0 14.0921 6.41794 12.8488 6.89339 13.6913 0.484973 13.1242 0.0771792 30.0626 15.0162 0.464971 12.1501 2.39622 27.9891
4630886400 0 13.3889 11.9561 12.6051 5.89747 14.4114 0.23633 14.0594 0.110711 16.1386 15.3076 0.381852 12.7749 2.14583 32.718
4630583296 0 13.3496 7.43111 12.696 6.35723 14.4529 0.504428 13.9183 0.0251974 25.964 15.197 0.542478 12.0149 2.6346 30.3498
4630751232 0 13.8894 8.91374 12.7169 6.63496 13.8918 0.759378 13.0785 0.0488698 21.6461 15.1726 0.752497 12.1082 2.30691 29.0805
4630429696 0 14.1332 8.59677 12.6466 6.6492 13.6511 0.622694 12.9744 0.0488906 22.4427 15.2558 0.46276 12.4835 2.30458 29.0162
4630417408 0 13.243 12.2586 12.1803 5.58107 14.5687 0.724463 13.8344 0.0046806 15.7387 15.8398 0.711467 12.7747 2.34867 34.5694
4630118400 0 13.9783 8.13078 12.9318 6.26782 13.8015 0.64086 13.0407 0.114973 23.7273 14.9184 0.629512 12.1688 2.11493 30.7797
4630452224 0 14.2611 7.34039 12.9094 6.44931 13.5288 0.654191 12.8485 0.0211244 26.2841 14.9454 0.644078 11.9418 2.35423 29.9157
4630718464 0 13.747 8.82651 12.6578 6.44725 14.0355 0.662973 13.2734 0.0941885 21.8599 15.2433 0.906335 12.3453 1.98679 29.9269
4630038528 0 13.7754 7.50884 12.8199 6.03635 14.0045 0.272384 13.659 0.068145 25.6922 15.0483 0.278436 12.692 2.07295 31.9594
4630855680 0 13.812 8.6916 12.8326 6.973 13.9699 0.614995 13.1793 0.170655 22.1999 15.0362 0.624237 12.1402 2.26672 27.6713
4630818816 0 13.7975 10.12 12.919 6.87845 13.9845 1.44259 12.5321 0.00469336 19.0662 14.9354 1.13512 11.8034 1.99179 28.0515
4630517760 0 14.0969 9.82196 13.0669 5.61452 13.6865 0.189927 13.4555 0.0361163 19.6436 14.7654 0.187432 11.9364 2.63657 34.3642
4630149120 0 13.1716 12.2951 12.1149 6.50831 14.6468 0.291752 14.2717 0.0781999 15.691 15.9244 0.179399 13.4199 2.31997 29.6425
4630396928 0 13.5501 8.46673 12.7139 6.35192 14.2385 0.534705 13.694 0.00466776 22.7872 15.175 0.449415 12.3107 2.40944 30.374
4630943744 0 13.9643 8.73097 12.7899 6.75031 13.8178 0.912046 12.8954 0.0050396 22.1002 15.0866 0.900874 11.4826 2.69805 28.5848
9261203456 0 13.613 11.3076 12.3067 6.87082 28.3466 0.834189 25.4137 2.09371 34.1261 31.3557 0.814055 25.4585 5.07814 56.1627
9260931072 0 14.0318 10.1465 12.5697 6.2644 27.4999 0.720132 26.5267 0.248105 38.03 30.6986 0.708616 24.0984 5.88661 61.5976
9261486080 0 14.2391 12.1967 12.9771 6.51011 27.101 0.362751 26.7282 0.00490176 31.6394 29.7366 0.723111 23.8962 5.11232 59.2763
9261541376 0 14.1337 11.3977 12.5711 6.90774 27.3033 0.99679 25.2155 1.08605 33.8574 30.6971 0.946084 24.606 5.14001 55.8646
9260734464 0 14.3467 11.0056 12.8738 7.04375 26.8957 1.09174 25.7943 0.00466608 35.0606 29.9727 1.05968 23.8713 5.03668 54.7811
9260767232 0 14.3024 2.15672 12.9979 7.02552 26.979 0.267876 26.517 0.189165 178.913 29.6868 0.25421 25.1634 4.2639 54.9234
9261557760 0 14.1856 10.6721 12.8841 7.21055 27.2035 1.09399 26.0804 0.0242588 36.1594 29.9516 1.25026 24.4602 4.23624 53.5185
9260759040 0 14.1511 6.87298 13.0133 6.84959 27.2675 1.06279 26.1949 0.00469504 56.1423 29.6516 1.53065 23.7902 4.32574 56.3341
9260617728 0 13.2645 11.7024 12.1418 6.88751 29.0895 0.820831 27.8239 0.439792 32.9726 31.7795 1.08651 26.5047 4.18327 56.023
9261387776 0 14.423 10.151 13.04 6.8207 26.7552 0.801595 25.7936 0.154996 38.0151 29.5929 0.772578 23.6909 5.12447 56.5765
9260505088 0 13.4857 11.7987 12.1507 6.70643 28.612 0.435589 27.8173 0.354165 32.7032 31.7558 0.817829 25.9545 4.97855 57.535
9261408256 0 13.0734 10.4577 11.8365 6.67827 29.5173 1.25984 28.2479 0.00470144 36.9002 32.6019 1.24201 25.638 5.71691 57.7833
9260673024 0 14.0814 11.8842 12.4324 6.67254 27.4021 1.86519 25.5262 0.00522556 32.4683 31.0367 2.07231 24.8801 4.07936 57.8282
9260533760 0 14.3006 10.3654 12.7927 6.96626 26.9819 0.919625 26.0525 0.00478144 37.2255 30.1621 1.15848 23.9779 5.02074 55.3892
9260787712 0 12.9358 10.1172 12.4551 6.46866 29.8292 1.14616 28.6732 0.00488892 38.1398 30.9806 1.13956 25.5328 4.30308 59.6516
9261035520 0 14.0812 11.507 12.6459 6.65906 27.4037 1.29082 26.1027 0.00500104 33.5339 30.514 1.26548 24.5984 4.64504 57.9476
9261320192 0 13.944 9.76905 12.7798 7.00601 27.6741 0.664369 26.8387 0.166131 39.5011 30.1951 1.30278 24.8263 4.06108 55.0796
9261490176 0 13.7772 6.39037 12.401 6.90257 28.0097 1.03958 26.8357 0.129449 60.387 31.118 1.03465 24.2931 5.78508 55.9061
9261346816 0 13.5276 9.0125 12.6299 7.17918 28.526 2.7183 25.3964 0.406362 42.8172 30.5536 2.5738 24.0052 3.96958 53.7512
9261199360 0 13.9304 8.21618 12.0593 6.69952 27.7008 1.20166 26.1568 0.337238 46.9663 31.9988 1.03048 26.3544 4.60894 57.5987
18522312704 0 13.6132 2.09446 12.0165 7.40812 56.6922 0.834681 55.8478 0.00467896 368.478 64.2254 0.957268 54.6648 8.59813 104.178
18522603520 0 13.4569 7.27176 11.9812 6.67082 57.3515 1.70188 54.7719 0.872664 106.133 64.4154 3.10853 50.683 10.6187 115.694
18522308608 0 14.06 9.85705 12.3511 7.15392 54.8907 1.56642 53.1173 0.202033 78.2955 62.4852 1.61111 49.9003 10.9687 107.88
18522267648 0 13.6313 1.12167 12.2634 6.96185 56.6167 1.04654 54.0783 1.48676 688.048 62.9323 1.04016 52.1985 9.68862 110.856
18522572800 0 14.0029 11.6237 12.9651 6.75899 55.1154 3.30941 51.7962 0.00473036 66.3964 59.5269 3.18634 48.3242 8.01134 114.185
18522351616 0 13.8911 12.6745 12.3715 6.77732 55.5581 2.19638 52.382 0.974718 60.8911 62.3823 2.28804 50.4136 9.6758 113.875
18522236928 0 13.713 9.01082 12.327 7.06425 56.2794 2.64912 53.1689 0.456401 85.6481 62.6072 2.52141 49.697 10.3838 109.249
18522591232 0 14.0176 8.0678 12.2108 7.0779 55.0574 0.840869 54.2068 0.00471756 95.6611 63.2044 0.81601 51.6316 10.7517 109.04
18522099712 0 13.4195 9.51963 11.691 6.86987 57.5098 1.92184 54.5232 1.05976 81.0698 66.0127 1.97552 53.7944 10.2377 112.339
18522320896 0 14.3448 6.17635 12.8515 7.09378 53.8009 0.893267 52.8978 0.00490476 124.955 60.0522 0.801042 49.2506 9.9956 108.794
18521890816 0 14.3071 4.98231 12.7753 7.08748 53.9414 0.972236 52.9589 0.00485368 154.897 60.4093 0.973134 49.8471 9.58411 108.888
18521987072 0 14.1411 10.8954 12.7119 6.82645 54.5751 0.677702 53.4875 0.404828 70.8324 60.7107 0.679888 51.1393 8.88639 113.053
18522474496 0 13.6076 10.3426 12.1743 7.00855 56.7159 1.44787 53.9017 1.36135 74.6207 63.3935 1.9279 49.269 12.1916 110.118
18521671680 0 14.0177 9.4893 12.8749 7.01137 55.0542 1.29061 53.5307 0.227846 81.327 59.9411 1.28336 48.7853 9.86696 110.069
18521692160 0 13.3088 9.28205 12.0693 7.09619 57.9872 2.63732 55.0655 0.27939 83.1429 63.942 2.72528 49.021 12.1908 108.754
18522470400 0 13.386 0.998554 12.4692 7.00991 57.6552 1.02448 53.6986 2.92714 772.888 61.8942 1.004 51.8792 9.00602 110.097
18522241024 0 14.3503 10.3042 12.7998 6.50565 53.7799 1.75619 51.2649 0.753858 74.8978 60.2946 3.17797 49.0838 8.02779 118.629
18521700352 0 14.556 6.71374 12.4669 6.88629 53.0184 2.47499 50.5337 0.00474784 114.949 61.9029 1.9601 51.1027 8.83508 112.069
18522484736 0 13.9633 10.4922 12.7904 6.44984 55.2712 1.10938 53.7081 0.448524 73.5569 60.3399 1.11401 50.2461 8.97482 119.657
18522198016 0 14.2212 2.86264 12.864 6.74494 54.2681 0.367574 53.8898 0.00520296 269.597 59.9935 0.647071 49.6371 9.70443 114.42
37044545536 0 14.3342 1.60785 12.7252 7.12971 107.681 4.53346 101.34 1.80319 959.991 121.296 2.45527 100.457 18.3792 216.492
37044289536 0 14.3792 10.8278 12.8112 7.46051 107.343 1.21297 105.392 0.732993 142.551 120.482 0.981205 97.882 21.6134 206.891
37043558400 0 13.864 9.50607 12.6793 6.97078 111.33 2.74932 108.571 0.00481844 162.368 121.733 1.75869 100.954 19.0151 221.422
37044578304 0 13.5133 0.945691 11.4432 6.70808 114.222 9.47234 102.077 2.66763 1632.16 134.886 9.86699 104.494 20.5201 230.099
37044338688 0 14.4194 5.53386 13.0162 7.28603 107.045 2.28861 104.746 0.00473672 278.922 118.584 2.87533 97.0702 18.6333 211.846
37043572736 0 13.5487 1.39646 11.6413 7.06759 113.921 7.18493 106.726 0.00467256 1105.28 132.586 7.14982 97.8749 27.5567 218.389
37044045824 0 13.8092 1.98302 12.4353 7.14388 111.774 7.8757 103.86 0.0329197 778.359 124.122 7.89214 96.4469 19.7782 216.059
37044674560 0 13.6215 9.4756 12.2471 7.22469 113.316 0.906218 111.672 0.732456 162.895 126.032 0.919072 97.7637 27.3442 213.646
37044195328 0 13.6838 12.3332 12.6055 7.29294 112.798 2.35024 110.438 0.00478152 125.15 122.447 3.89662 102.562 15.9837 211.644
37044338688 0 14.6451 2.53129 12.8103 7.43809 105.394 1.73081 103.162 0.496556 609.774 120.49 3.22883 97.9872 19.2687 207.515
37044502528 0 14.0809 5.12841 12.3704 7.17136 109.618 4.29941 103.169 2.14451 300.974 124.776 4.43465 100.436 19.9001 215.234
37044383744 0 13.24 2.50599 12.0607 7.22683 116.58 3.76556 111.809 1.00069 615.931 127.979 6.08357 104.46 17.431 213.581
37044596736 0 13.8117 2.46111 12.4518 7.12477 111.755 3.30506 107.359 1.08563 627.166 123.96 3.30724 101.583 19.065 216.642
37044054016 0 13.7757 10.4103 12.5424 6.92754 112.045 4.03353 108.001 0.00515812 148.267 123.063 3.96974 101.459 17.6293 222.807
37044154368 0 13.8789 8.7386 12.069 6.87991 111.212 2.43945 108.762 0.00517732 176.631 127.89 2.41792 104.942 20.5257 224.35
37043947520 0 13.972 8.14546 12.7758 6.94511 110.47 2.11283 107.967 0.385341 189.492 120.814 2.0847 99.7872 18.9369 222.242
37043974144 0 13.9633 10.8032 13.099 6.85328 110.54 4.0729 105.385 1.07701 142.874 117.834 4.18205 95.7232 17.9233 225.22
37043728384 0 13.8808 5.7288 12.2219 6.99379 111.196 2.05699 107.934 1.2002 269.426 126.288 2.07848 97.8034 26.4015 220.694
37044391936 0 14.5167 1.12282 12.885 7.36115 106.327 4.34747 101.97 0.004679 1374.68 119.792 4.92956 97.6359 17.2212 209.684
37043658752 0 14.2941 9.36224 12.8612 7.11533 107.981 1.23073 106.74 0.00472384 164.863 120.011 1.21189 100.535 18.2585 216.924
74088441856 0 13.6869 2.05772 12.082 7.01737 225.546 5.99062 217.266 2.28364 1500.21 255.505 1.33364 206.612 47.5544 439.911
74088099840 0 14.2217 10.7485 12.6926 7.03455 217.062 3.03226 209.021 5.0041 287.203 243.213 3.15845 205.144 34.9051 438.835
74088228864 0 14.1584 1.4409 12.3178 7.4123 218.033 6.60796 201.066 10.3535 2142.42 250.614 11.1383 198.873 40.5976 416.471
74087856128 0 14.2057 7.36846 12.5861 7.15913 217.307 6.33421 209.127 1.8405 418.947 245.271 6.39936 195.222 43.6446 431.197
74088163328 0 13.576 2.81386 12.0094 7.03771 227.387 4.46884 222.267 0.646204 1097.07 257.05 3.72385 207.103 46.2184 438.638
74088091648 0 14.5361 2.87386 12.6123 7.33344 212.369 7.76046 204.598 0.005372 1074.17 244.761 7.74233 199.955 37.0581 420.949
74088640512 0 14.7373 12.4877 13.0709 7.43548 209.471 10.5986 198.862 0.0046911 247.206 236.175 8.29659 191.433 36.4404 415.175
74087692288 0 14.3808 5.49554 12.4769 7.36368 214.661 7.52559 207.124 0.0052037 561.725 247.416 7.51328 208.076 31.8212 419.218
74088683520 0 8.54014 4.06479 12.6371 7.36071 361.473 7.70219 353.761 0.0048394 759.455 244.283 6.3214 196.517 41.439 419.393
74088110080 0 13.7879 11.7807 12.7016 7.27871 223.892 6.33853 217.542 0.0051798 262.038 243.04 7.99732 194.479 40.5582 424.114
74088658944 0 14.266 3.48808 12.3877 7.06026 216.391 6.2386 207.579 2.56796 885.023 249.202 7.93311 200.74 40.5233 437.24
74088493056 0 14.5036 2.82474 13.1997 7.51254 212.845 4.67749 206.975 1.18695 1092.85 233.871 5.91937 198.439 29.5072 410.916
74087639040 0 13.7433 11.6394 12.2677 7.21633 224.618 5.34395 218.952 0.317273 265.218 251.636 5.36984 212.825 33.4354 427.778
74088499200 0 13.4281 2.76137 12.2163 7.22591 229.893 2.86134 227.021 0.0047271 1117.93 252.696 2.84425 204.66 45.187 427.216
74087436288 0 14.5238 12.5286 12.6613 7.48326 212.546 3.20038 209.336 0.0046867 246.394 243.811 7.81287 199.803 36.1898 412.518
74087913472 0 14.4275 2.43608 12.8383 7.13825 213.966 5.81542 208.14 0.004735 1267.2 240.452 5.82927 200.698 33.9194 432.458
74088288256 0 13.8652 10.0904 12.1242 7.17049 222.644 8.08204 207.883 6.67391 305.937 254.615 7.93426 205.508 41.1674 430.516
74088351744 0 13.7569 13.291 12.5623 6.98455 224.398 4.67205 219.716 0.004695 232.264 245.736 4.48383 207.056 34.1897 441.978
74087892992 0 14.2398 2.35509 12.8268 7.46824 216.787 6.49726 210.279 0.004671 1310.78 240.667 6.39237 194.702 39.5678 413.35
74088660992 0 14.0078 2.39466 12.4273 7.09276 220.38 6.0561 211.065 3.25266 1289.13 248.407 5.98227 197.57 44.8495 435.237
148176203776 0 13.8706 4.2252 12.4419 7.49609 445.114 22.4489 422.654 0.0052877 1461.23 496.229 14.8737 414.046 67.304 823.631
148176052224 0 13.3933 3.98147 12.2443 7.31912 460.978 15.3196 445.649 0.0047832 1550.69 504.234 9.98758 428.875 65.3658 843.545
148176941056 0 14.2216 2.87806 12.6987 6.89139 434.13 15.229 415.803 3.09264 2145.21 486.194 16.2253 395.011 74.953 895.907
148176154624 0 13.7978 5.04179 12.2367 7.16317 447.462 17.6791 429.773 0.0048993 1224.57 504.549 17.8379 412.705 74.001 861.91
148176732160 0 13.9289 4.11163 12.558 7.05452 443.253 12.8003 428.964 1.48316 1501.6 491.641 13.652 398.822 79.1614 875.187
148176216064 0 13.6406 5.6689 12.0846 7.48009 452.619 30.8953 421.712 0.0051639 1089.1 510.899 33.1715 410.149 67.5734 825.393
148175908864 0 14.1845 3.60731 12.4916 7.20358 435.265 23.6203 411.472 0.167298 1711.52 494.252 23.4516 394.968 75.8265 857.073
148175831040 0 13.8503 7.71481 12.3907 7.1733 445.767 20.8847 424.872 0.0048874 800.278 498.278 20.7629 389.897 87.6121 860.691
148176099328 0 13.7712 11.6865 12.2149 7.08993 448.327 6.40077 430.1 11.8206 528.301 505.45 6.52412 413.064 85.857 870.813
148176001024 0 13.5687 5.47027 12.3729 7.06899 455.017 17.7985 403.713 33.4996 1128.65 498.994 17.8943 410.597 70.4977 873.392
148176871424 0 14.009 2.89737 12.7275 7.32588 440.718 2.8974 437.81 0.0048353 2130.91 485.094 2.98822 418.744 63.3563 842.771
148176789504 0 14.1212 3.58787 12.2446 6.88087 437.217 2.32 430.893 3.99961 1720.81 504.225 7.76291 428.512 67.9436 897.276
148176484352 0 13.5132 2.86804 12.3021 7.63087 456.886 33.1066 423.769 0.0051276 2152.7 501.867 33.0173 400.433 68.4116 809.085
148176193536 0 14.5063 5.3482 12.7428 7.59189 425.609 8.72112 416.878 0.0048191 1154.41 484.51 5.17551 384.155 95.1744 813.237
148175865856 0 13.5469 12.1452 12.1856 7.3209 455.749 24.6258 431.113 0.0047069 508.348 506.665 24.181 395.615 86.8636 843.338
148176896000 0 14.2528 8.67091 12.3661 7.15523 433.18 3.59323 426.492 3.08985 712.04 499.272 9.40818 411.701 78.1575 862.87
148176744448 0 13.1035 11.7714 11.8515 7.29028 471.173 17.0651 438.546 15.5566 524.494 520.95 18.1864 427.835 74.923 846.886
148176150528 0 13.4111 6.00593 12.1381 7.07062 460.365 29.1106 428.306 2.94291 1027.98 508.645 29.8313 410.738 68.0695 873.191
148176533504 0 13.3683 11.9779 12.1411 6.86327 461.841 17.2615 444.007 0.567687 515.452 508.523 18.1212 410.869 79.5271 899.574
148176191488 0 14.4082 6.12109 13.1863 7.28297 428.506 16.0736 412.423 0.004715 1008.64 468.214 16.1457 375.011 77.0525 847.732
