144273408 0 7.86639 7.48194 9.71208 3.98978 0.764187 0.040518 0.713626 0.00494676 0.803453 0.61896 0.0311232 0.402187 0.180793 1.5067
144654336 0 8.27036 11.4111 9.2867 4.18885 0.728779 0.0568577 0.644198 0.0228036 0.528193 0.649021 0.0508005 0.40723 0.185953 1.43888
289640448 0 10.9746 8.68165 11.1183 5.14133 1.09966 0.115403 0.888649 0.0902674 1.3901 1.08545 0.0954911 0.749874 0.23497 2.34732
288901120 0 10.6423 9.79227 11.1885 5.21977 1.1311 0.0575289 1.06208 0.00645448 1.22929 1.07589 0.047809 0.797923 0.225168 2.30615
579223552 0 11.978 6.82958 12.0193 5.07497 2.01488 0.115632 1.88955 0.00475752 3.53379 2.00796 0.030471 1.57639 0.396032 4.75556
578402304 0 12.1455 8.73145 12.4421 5.76849 1.98428 0.050214 1.85943 0.0696126 2.76015 1.93698 0.0386593 1.55298 0.340239 4.17789
1158172672 0 13.389 7.72314 12.6543 4.85617 3.60425 0.177337 3.41704 0.00484392 6.24839 3.81351 0.16995 3.01562 0.622899 9.93729
1157744640 0 13.0265 6.56508 12.4495 5.49754 3.70316 0.184729 3.44872 0.0646068 7.34787 3.87479 0.109783 3.00732 0.752595 8.77471
2315593728 0 13.992 9.12983 13.2584 5.90254 6.89558 0.0968983 6.6813 0.11239 10.5679 7.27715 0.0866974 6.0429 1.14255 16.346
2315038720 0 13.1283 7.18967 12.5896 6.09955 7.34751 0.166373 7.17143 0.00472864 13.4165 7.66187 0.178173 6.26655 1.21215 15.8143
4631005184 0 13.5125 11.9743 12.2259 6.43787 14.2801 0.570035 13.7003 0.00475904 16.1143 15.7827 0.26828 13.1452 2.36425 29.9724
4630231040 0 14.035 9.52884 12.5859 6.39712 13.7461 0.634191 13.1019 0.00489364 20.2466 15.3287 0.641705 12.2981 2.38397 30.1583
9260490752 0 13.8328 6.60513 12.6051 6.53155 27.8941 1.25543 26.629 0.00472072 58.4173 30.611 0.94988 24.4176 5.23859 59.0753
9261053952 0 13.0822 10.3745 11.8632 6.5715 29.4964 1.28245 27.128 1.08095 37.1949 32.5273 1.26482 26.3269 4.93055 58.7198
18522513408 0 13.5777 12.3391 11.7934 6.72798 56.8412 0.915419 54.1961 1.72468 62.5469 65.4409 0.933454 52.5599 11.9425 114.711
18522527744 0 14.5858 8.70433 12.9204 6.9571 52.9125 2.05102 49.742 1.11447 88.6653 59.7327 2.16013 48.8954 8.6722 110.933
37043716096 0 14.4043 6.26603 12.7554 7.23514 107.155 1.99421 104.345 0.810933 246.326 121.007 3.60314 101.999 15.3996 213.332
37043879936 0 14.2707 2.2457 12.6849 7.12835 108.159 2.6541 105.495 0.00468372 687.31 121.679 2.0078 100.483 19.1833 216.529
74088751104 0 13.5436 2.08198 12.2084 7.32793 227.933 3.38964 222.321 2.21736 1482.74 252.861 4.27621 209.975 38.6042 421.269
74088355840 0 13.235 2.39534 11.7558 7.22054 233.246 8.51693 224.719 0.0046951 1288.76 262.596 8.52505 214.797 39.2689 427.532
148175960064 0 13.5025 4.72394 12.3912 7.48157 457.247 8.24641 417.186 31.8089 1306.96 498.258 8.33597 408.545 81.3713 825.228
148176318464 0 13.8596 4.05988 12.5875 7.45345 445.467 5.38932 440.068 0.0050755 1520.74 490.486 13.1245 388.919 88.4368 828.342
