144445440 0 8.08154 9.34443 9.53495 3.93061 0.744729 0.0537796 0.681237 0.00478792 0.64408 0.631211 0.0417777 0.426885 0.157607 1.5312
144166912 0 8.3794 6.79665 9.47018 4.22216 0.716872 0.063987 0.622676 0.025244 0.883811 0.634302 0.0425724 0.412405 0.174419 1.42272
145209344 0 8.04277 11.1435 9.46153 4.28993 0.752277 0.0512864 0.691092 0.00496424 0.542951 0.639473 0.03524 0.426077 0.172897 1.41037
144408576 0 7.98621 10.7563 9.40836 3.9515 0.753427 0.0589345 0.683967 0.0054738 0.559398 0.63954 0.0592678 0.429243 0.146121 1.52272
144220160 0 8.52695 5.97307 9.41333 3.8763 0.704727 0.0308716 0.663949 0.00494668 1.00604 0.638369 0.0216724 0.422638 0.189132 1.55023
144719872 0 8.35788 12.3747 9.60311 4.18085 0.721474 0.0395328 0.655799 0.0209738 0.487284 0.627921 0.0327402 0.399153 0.190978 1.44229
144486400 0 7.96694 7.78055 9.54814 3.93716 0.755656 0.0316922 0.714039 0.00483116 0.773758 0.630517 0.0227124 0.416007 0.186633 1.52909
144797696 0 7.62391 10.63 9.31095 4.10372 0.791357 0.0544334 0.710996 0.0209447 0.567567 0.647972 0.0320607 0.449406 0.161584 1.47019
144369664 0 7.82876 11.8555 9.52873 4.1815 0.768373 0.0408771 0.697968 0.0245229 0.507392 0.631291 0.0315816 0.432011 0.162775 1.43858
144297984 0 8.91743 10.769 9.84597 4.12268 0.674232 0.0666677 0.597746 0.00482964 0.558307 0.610647 0.0434089 0.408388 0.153795 1.45838
144754688 0 7.934 12.1658 9.26382 4.25778 0.760202 0.059186 0.679034 0.0170942 0.495772 0.651076 0.0367973 0.433972 0.175352 1.41657
145199104 0 8.24348 11.3471 9.54759 4.19346 0.733908 0.051336 0.657356 0.020126 0.533175 0.633664 0.023459 0.406616 0.198654 1.44272
144592896 0 9.1864 12.3702 9.53009 4.28321 0.655828 0.0534479 0.496254 0.100941 0.487035 0.632177 0.045984 0.411928 0.169315 1.40659
144969728 0 9.27888 11.8615 9.60075 4.1061 0.650984 0.0597934 0.498673 0.0874845 0.509243 0.62916 0.0458094 0.401394 0.177026 1.47108
144676864 0 8.33026 11.9822 9.40369 4.27199 0.723652 0.0385953 0.660363 0.0197607 0.503098 0.641046 0.0275532 0.406964 0.201546 1.4111
145037312 0 8.40603 10.8648 9.38466 3.90994 0.718915 0.0565229 0.631094 0.0262873 0.556222 0.643947 0.0396144 0.403504 0.195529 1.5456
144187392 0 7.76989 11.9648 9.0879 4.1246 0.773217 0.0426302 0.702445 0.0231755 0.502125 0.661078 0.0336215 0.436674 0.185873 1.45658
144957440 0 8.96884 11.6587 9.78795 4.17763 0.673431 0.0472515 0.601658 0.0195861 0.518058 0.617075 0.0330701 0.412841 0.166255 1.44577
144203776 0 8.30927 12.4795 9.51662 4.16876 0.723107 0.0409844 0.672364 0.00485372 0.48147 0.631368 0.0297918 0.401092 0.195452 1.44131
144201728 0 8.63105 12.4336 9.55393 4.30622 0.696138 0.0433624 0.642977 0.0048728 0.483238 0.628894 0.0345574 0.406361 0.183056 1.39529
289632256 0 11.0628 5.12457 11.3844 4.7562 1.09086 0.0785767 0.982642 0.024576 2.35493 1.06005 0.041744 0.76267 0.250674 2.53732
289396736 0 10.1377 9.61325 11.4577 4.65375 1.18944 0.0504178 1.12907 0.0049946 1.25433 1.05241 0.0420275 0.752581 0.252879 2.59107
289736704 0 10.0698 5.849 11.3399 5.63119 1.19887 0.0495446 1.12158 0.022778 2.06401 1.06459 0.0433336 0.741244 0.27491 2.14384
289001472 0 9.80324 11.5976 11.0358 4.67477 1.22834 0.0513055 1.14927 0.0227092 1.03829 1.09115 0.0390872 0.816722 0.230436 2.5759
288843776 0 10.5068 6.65768 11.0486 4.78202 1.14546 0.069451 1.04681 0.0242314 1.80771 1.08929 0.0605624 0.79553 0.227777 2.51675
289636352 0 10.5449 11.4623 11.0273 4.50307 1.14446 0.0826883 1.05208 0.00475436 1.05286 1.09439 0.0565262 0.786233 0.24665 2.67999
288962560 0 10.0044 9.83449 10.7082 4.92035 1.20348 0.0589956 1.11544 0.024076 1.22427 1.12438 0.0502816 0.848888 0.220212 2.447
289046528 0 9.86763 10.7486 10.8466 4.72037 1.22052 0.092673 1.11816 0.00477676 1.12049 1.11036 0.0507142 0.835606 0.219067 2.55141
289036288 0 10.4696 7.9005 10.9989 4.70393 1.1503 0.0482402 1.07181 0.0252698 1.52436 1.09495 0.0417648 0.782208 0.265991 2.56024
289665024 0 10.4669 6.3207 11.3839 4.73834 1.1531 0.0472996 1.08346 0.0173524 1.9095 1.06022 0.0390599 0.765102 0.251127 2.54717
289335296 0 9.86567 7.22079 10.8814 5.07658 1.22198 0.0641951 1.14776 0.00489692 1.66957 1.10791 0.0489034 0.80764 0.246282 2.37476
289544192 0 10.1061 6.88985 11.0602 4.96438 1.19376 0.0800654 1.08361 0.0250838 1.75103 1.09079 0.0511084 0.794654 0.239906 2.43018
289730560 0 10.0361 7.4557 11.0423 4.77337 1.20287 0.0553211 1.10546 0.0371291 1.61918 1.09326 0.0416462 0.780713 0.265887 2.52905
289845248 0 9.81075 10.876 10.5113 4.6832 1.23098 0.0563499 1.16487 0.0048312 1.11041 1.14894 0.0420613 0.796521 0.305053 2.57877
289095680 0 10.1908 11.7052 11.1173 4.90812 1.18201 0.0657896 1.09134 0.0200109 1.02909 1.0835 0.0375539 0.818183 0.222839 2.45423
288888832 0 10.3998 9.77416 10.8523 5.16161 1.15743 0.0374544 1.10978 0.00528952 1.23152 1.10917 0.0285514 0.825743 0.249974 2.33203
289613824 0 10.8234 5.36399 10.9259 3.51216 1.11493 0.0477723 0.930367 0.131711 2.24968 1.10446 0.0364384 0.784959 0.278154 3.43585
289728512 0 9.97986 5.12274 10.8293 5.02006 1.20964 0.0447374 1.13985 0.0200026 2.35655 1.11476 0.0359338 0.807437 0.266482 2.40476
288991232 0 10.1877 5.74831 11.2454 4.81013 1.18195 0.078721 1.06331 0.0349435 2.09476 1.07078 0.0734249 0.783844 0.208594 2.50332
289101824 0 10.5744 6.01317 10.7367 4.81381 1.13916 0.0353231 1.05812 0.0407408 2.00325 1.12194 0.0262793 0.8661 0.22458 2.50237
578992128 0 12.2202 5.68908 12.336 4.90266 1.97417 0.113948 1.85016 0.0049354 4.24053 1.95562 0.0893111 1.53334 0.327882 4.92073
578658304 0 11.4117 10.3775 11.6339 5.19583 2.11282 0.1429 1.94026 0.0240919 2.32338 2.07246 0.103058 1.57887 0.385516 4.6404
579196928 0 12.3994 10.093 12.3943 5.00648 1.94632 0.110186 1.82574 0.00547692 2.39108 1.94712 0.100674 1.4907 0.350832 4.82039
579151872 0 11.8111 8.39543 11.9703 4.68624 2.04311 0.131674 1.88925 0.0172416 2.87434 2.01593 0.131238 1.51207 0.36769 5.1494
578717696 0 11.7543 7.18909 11.7767 4.81793 2.05145 0.153553 1.85839 0.0343618 3.35414 2.04754 0.117095 1.5774 0.348055 5.0049
579139584 0 12.1098 9.83306 12.0468 5.58223 1.99266 0.107556 1.87539 0.00477356 2.45405 2.00308 0.0946519 1.56174 0.341746 4.32279
578887680 0 11.9675 10.9226 12.191 5.42964 2.01549 0.13217 1.84853 0.0298142 2.2083 1.97853 0.104819 1.48511 0.383658 4.44234
578287616 0 11.6116 11.0762 11.7263 4.9708 2.07511 0.121308 1.87525 0.0735113 2.1754 2.0548 0.112631 1.55937 0.377877 4.84737
579108864 0 11.4461 5.60245 12.0805 4.62497 2.10809 0.140299 1.93272 0.0301139 4.30696 1.9974 0.058292 1.50036 0.433591 5.21724
579371008 0 11.9342 11.6518 11.9233 5.26438 2.0228 0.0383934 1.97446 0.00493696 2.07183 2.02464 0.0280515 1.54406 0.447548 4.58562
578322432 0 12.1485 9.66871 12.299 5.72016 1.98351 0.129586 1.82626 0.0225875 2.49224 1.95924 0.117589 1.48719 0.34947 4.2126
578762752 0 12.5271 7.68315 12.1413 4.96132 1.92504 0.0782867 1.7129 0.128839 3.1387 1.9862 0.0659304 1.52209 0.393279 4.86062
578336768 0 11.9248 7.35932 12.0064 5.17476 2.02078 0.0541753 1.94338 0.0182161 3.2744 2.00704 0.0434425 1.5579 0.400786 4.65671
579233792 0 12.1442 11.6673 12.044 5.25987 1.98734 0.0769376 1.7765 0.128887 2.06857 2.00387 0.0950043 1.56103 0.341956 4.58847
578447360 0 11.7341 7.18441 12.014 5.35895 2.05402 0.0516036 1.99265 0.00482476 3.35476 2.00616 0.041422 1.53513 0.424696 4.49752
579289088 0 12.6068 9.63426 12.2407 4.52262 1.91461 0.106141 1.743 0.0604599 2.50533 1.97187 0.0967061 1.53061 0.339601 5.33696
578824192 0 11.6172 6.09307 11.8095 4.8595 2.07603 0.111269 1.95492 0.0047528 3.95822 2.04222 0.100175 1.52576 0.411357 4.963
578637824 0 11.8986 6.32877 11.9669 4.80486 2.02629 0.111673 1.90471 0.00492736 3.80957 2.01472 0.100741 1.5399 0.368799 5.01782
578801664 0 11.3062 6.09011 11.7992 5.31107 2.13306 0.125641 1.93852 0.063945 3.95999 2.04392 0.111596 1.51846 0.408863 4.54084
578719744 0 12.071 10.4841 12.1708 5.62155 1.99763 0.0588015 1.92875 0.00514204 2.29998 1.98125 0.0632563 1.51998 0.392701 4.28944
1157971968 0 13.7233 12.5162 12.8247 5.60759 3.51585 0.200788 3.3046 0.005102 3.8549 3.76217 0.184857 2.96409 0.608141 8.60421
1157423104 0 13.2116 12.6158 12.8014 6.01373 3.65028 0.149098 3.47036 0.0258674 3.82267 3.76724 0.141426 2.89867 0.722193 8.01931
1157918720 0 13.0588 4.07915 12.5047 4.64052 3.69456 0.149827 3.53499 0.0046902 11.8276 3.85828 0.135015 3.02272 0.695582 10.3968
1157224448 0 12.3754 5.17289 12.2521 4.75125 3.89626 0.122127 3.70119 0.0679624 9.32123 3.93547 0.113232 3.19262 0.62468 10.1484
1157662720 0 13.1446 12.0097 12.2025 5.50528 3.66963 0.177977 3.42993 0.0565934 4.01641 3.95297 0.165088 3.03236 0.75058 8.76177
1157597184 0 13.0892 6.05335 12.7273 5.71497 3.68497 0.133835 3.51442 0.0314838 7.96801 3.78975 0.121039 2.9423 0.721056 8.4398
1157128192 0 12.758 4.61356 12.1764 4.31416 3.77909 0.0707137 3.66176 0.0414235 10.4504 3.9596 0.05992 3.26742 0.627102 11.1757
1157543936 0 12.2419 5.52759 12.4008 5.90284 3.93982 0.372788 3.54011 0.0217828 8.72551 3.88934 0.394322 2.84727 0.64261 8.17081
1157634048 0 13.3262 5.90347 12.7862 5.80777 3.61954 0.270125 3.29617 0.0479516 8.17057 3.77241 0.156447 2.97897 0.631796 8.30522
1157079040 0 13.0772 6.73645 12.5724 5.77192 3.68668 0.158684 3.51679 0.0057782 7.15683 3.83471 0.0683822 3.11617 0.64454 8.35279
1157502976 0 12.8631 5.7696 12.4139 5.26625 3.74943 0.146374 3.59099 0.00633764 8.35921 3.88509 0.132018 3.13634 0.611431 9.15819
1158006784 0 12.8041 7.1075 11.9594 5.72002 3.76835 0.0913237 3.66589 0.00591596 6.78864 4.03452 0.0648298 3.28559 0.678735 8.43533
1157675008 0 12.5106 5.44972 12.3241 5.64129 3.85563 0.219858 3.62371 0.00667556 8.85117 3.91401 0.12562 3.0019 0.78124 8.55062
1157771264 0 12.8229 12.7919 12.4027 5.70685 3.76205 0.207688 3.54352 0.00532156 3.77118 3.88951 0.162066 3.04719 0.675131 8.45308
1157828608 0 12.487 6.35646 12.5466 5.37594 3.86343 0.055579 3.79672 0.00507 7.58958 3.84511 0.0488153 3.14088 0.650263 8.97385
1157208064 0 13.5077 6.77704 12.7916 5.81543 3.5696 0.0788731 3.46282 0.0226594 7.11476 3.76942 0.101151 3.03415 0.629017 8.29122
1157785600 0 12.5291 5.4247 12.318 5.36975 3.85033 0.154498 3.65327 0.0373198 8.89285 3.91629 0.140724 3.05923 0.711222 8.98387
1157259264 0 13.0262 11.0416 12.7385 5.44799 3.70171 0.158059 3.53347 0.00485532 4.36706 3.78531 0.123091 2.88578 0.770812 8.85082
1158068224 0 12.9263 5.45817 12.5475 5.52281 3.73292 0.261506 3.40847 0.0577775 8.84048 3.84563 0.19716 3.07575 0.567501 8.737
1157574656 0 12.6081 5.49707 12.4859 5.77792 3.82551 0.176634 3.63851 0.00492568 8.77418 3.86293 0.154259 3.00455 0.698813 8.34769
2315315200 0 13.0613 7.26371 12.4255 6.08322 7.38604 0.332098 7.04242 0.00536796 13.2813 7.76396 0.314803 6.36085 1.08312 15.8586
2314928128 0 13.0849 6.13702 12.1486 5.35293 7.37152 0.210455 7.02496 0.130929 15.717 7.93962 0.148978 6.41443 1.3711 18.0192
2315644928 0 12.9401 5.98115 12.5449 5.96848 7.45627 0.153232 7.27785 0.0199739 16.1315 7.69121 0.162331 6.29622 1.22748 16.1658
2315579392 0 13.4991 8.04838 12.7318 6.52346 7.14735 0.181373 6.86112 0.0995921 11.9878 7.57805 0.248889 6.17328 1.15014 14.7901
2315472896 0 13.8233 6.06546 12.4001 6.22934 6.97938 0.156467 6.75836 0.0593769 15.9061 7.78044 0.143448 6.25575 1.37617 15.4877
2315636736 0 13.0427 6.63166 12.126 6.09075 7.3976 0.177251 7.20958 0.00511984 14.5491 7.95683 0.162218 6.17569 1.61335 15.8412
2315128832 0 13.2918 6.52919 12.8332 6.34935 7.25739 0.578614 6.61515 0.0584554 14.7742 7.51674 0.565354 5.6775 1.26876 15.1927
2314928128 0 12.9776 6.4646 12.1734 5.9806 7.43246 0.31617 7.10562 0.00520932 14.9205 7.92346 0.250611 6.35564 1.31202 16.128
2314874880 0 13.5384 8.60852 12.4355 5.60007 7.12442 0.253831 6.78932 0.0760946 11.2044 7.75629 0.186956 6.21859 1.34543 17.2236
2314919936 0 13.4534 6.53522 12.7756 5.92756 7.16957 0.344853 6.72877 0.0906684 14.7593 7.54993 0.32845 5.99898 1.21688 16.2723
2315040768 0 13.1595 6.82522 12.7249 6.16354 7.3301 0.431585 6.86256 0.0307275 14.1329 7.58041 0.355264 6.04575 1.17427 15.6501
2315077632 0 13.4423 9.36922 12.6 6.09812 7.17598 0.175563 6.97159 0.0236898 10.2956 7.65567 0.231737 6.17729 1.24136 15.8183
2315145216 0 13.1267 7.31199 12.4431 6.56547 7.3487 0.420114 6.91783 0.00514052 13.1926 7.75242 0.357775 6.2917 1.09783 14.6927
2315466752 0 13.1966 6.65581 12.7571 6.2731 7.31078 0.209946 7.09086 0.00483932 14.4953 7.56268 0.120367 6.14793 1.28928 15.3796
2314762240 0 12.8914 6.03023 12.3763 6.09194 7.48159 0.250541 7.18015 0.0457163 15.9942 7.79301 0.239497 6.2002 1.34803 15.8321
2315200512 0 13.2828 6.69135 12.2098 5.97814 7.26251 0.458104 6.57404 0.225205 14.4166 7.90079 0.371483 6.37 1.15394 16.1366
2314729472 0 13.3954 9.13866 12.3248 6.19253 7.2 0.337596 6.80646 0.0507415 10.5537 7.82542 0.320827 6.04506 1.45441 15.5747
2315360256 0 13.5083 6.40294 12.6992 5.78917 7.14178 0.253449 6.8593 0.0238725 15.067 7.59678 0.24682 5.99484 1.35002 16.6644
2315663360 0 13.7173 7.38096 12.8541 6.15642 7.03387 0.217794 6.78391 0.0269972 13.0723 7.50626 0.202004 5.72942 1.56974 15.6724
2314766336 0 13.0334 6.83499 12.3626 6.09334 7.40014 0.155777 7.16889 0.0702971 14.111 7.80162 0.147145 6.53332 1.11599 15.8285
4631078912 0 13.915 12.5056 13.0627 5.76028 13.8672 0.721729 13.1355 0.00480708 15.43 14.772 0.735958 11.832 2.19869 33.4986
4629932032 0 13.4489 12.298 12.5415 6.15543 14.3442 1.02644 13.3075 0.00491772 15.6867 15.382 1.03667 11.967 2.37322 31.3404
4629942272 0 13.4527 12.0387 12.3022 6.89397 14.3402 0.450637 13.6187 0.265644 16.0245 15.6813 0.446386 12.7527 2.47694 27.9831
4630898688 0 13.7339 12.9988 12.6679 6.75802 14.0495 0.502825 13.3288 0.212641 14.844 15.2317 0.363247 12.3523 2.51077 28.5519
4630272000 0 13.5771 9.82555 12.7083 6.61895 14.2098 0.513651 13.6861 0.00481212 19.6353 15.1813 0.47429 12.2964 2.40545 29.1478
4630372352 0 14.3942 12.7215 12.8628 5.91128 13.4035 0.407202 12.9863 0.0048264 15.1659 14.9993 0.388879 11.9656 2.63964 32.638
4630278144 0 13.8502 12.9834 12.7813 6.68194 13.9297 0.603371 13.3157 0.00536172 14.8596 15.0945 0.573959 12.175 2.34065 28.8731
4630329344 0 13.4712 10.9007 4.33481 5.69753 14.3217 0.436427 13.8756 0.00482324 17.6989 44.5073 0.426567 40.9438 3.13201 33.8621
4630917120 0 13.7641 11.5738 12.8823 5.91746 14.0187 0.563132 13.3971 0.0535089 16.6716 14.9783 1.05808 11.8576 2.05746 32.6077
4630472704 0 6.47237 11.7325 7.39817 6.78918 29.8092 0.694028 28.6985 0.411646 16.4446 26.0789 0.239428 15.9855 9.8482 28.4182
4630315008 0 14.2608 13.0801 5.18 5.9515 13.5287 0.345302 13.1737 0.00467584 14.7499 37.2451 0.33059 29.8808 7.02863 32.417
4630784000 0 7.72999 13.1297 7.43673 7.04443 24.9611 0.457107 24.4059 0.0930927 14.6957 25.9454 0.32001 19.4873 6.13304 27.3903
4630095872 0 12.6437 12.5902 12.4247 6.20483 15.2582 0.543517 14.7049 0.00470948 15.323 15.5272 0.543832 13.0312 1.94701 31.092
4630011904 0 13.5015 11.1295 12.3972 6.56949 14.2886 0.322432 13.6877 0.273443 17.3338 15.5613 0.308429 12.706 2.54201 29.3656
4630319104 0 13.6832 12.7644 12.6536 6.91149 14.0997 0.260864 13.7424 0.0913958 15.1147 15.247 0.247368 12.5544 2.44029 27.9144
4630095872 0 14.0465 12.923 13.0657 6.46253 13.7344 0.356124 13.3142 0.0590002 14.9284 14.7654 0.352365 12.0396 2.36825 29.8522
4630392832 0 13.6281 12.489 12.1701 6.41123 14.157 0.474171 13.5568 0.121043 15.4482 15.853 0.457809 12.3397 3.05041 30.093
4630026240 0 6.32097 8.81005 12.0996 6.41907 30.5203 0.546887 29.758 0.210366 21.8975 15.9441 0.637592 13.0369 2.26465 30.0539
4629981184 0 13.0661 8.29293 12.3093 6.53392 14.7646 0.246062 14.478 0.0355154 23.2627 15.6723 0.236961 12.7923 2.63818 29.5253
4630138880 0 13.6466 12.2305 12.05 6.27611 14.137 0.214769 13.9123 0.00497544 15.7739 16.0102 0.201647 12.9225 2.88106 30.7392
9260584960 0 14.0754 11.5457 12.1929 6.83209 27.4137 1.17464 26.0369 0.19717 33.4199 31.6461 1.18776 25.284 5.16942 56.4772
9261082624 0 13.8824 8.00704 12.4505 6.68847 27.7962 0.708884 26.8391 0.243202 48.1924 30.993 1.13644 25.5469 4.30468 57.6931
9261479936 0 13.5046 3.65904 12.3081 6.45631 28.5752 1.30824 27.201 0.0609262 105.463 31.3528 1.29532 25.4101 4.64239 59.7702
9261393920 0 13.4676 9.42955 12.2269 6.52454 28.6532 0.355496 28.2563 0.0363822 40.9236 31.5609 0.277987 26.4068 4.87105 59.1446
9261260800 0 13.5517 6.38666 12.1712 6.27364 28.4751 1.27716 26.8891 0.303787 60.4206 31.7047 1.26732 26.1052 4.32729 61.5091
9260812288 0 14.2649 9.81554 12.7041 6.71515 27.0502 0.58959 26.3656 0.0896268 39.3119 30.3733 0.593636 24.7172 5.05749 57.4622
9260941312 0 14.1429 11.5243 12.6045 6.86295 27.2839 0.609005 26.5856 0.0843068 33.4835 30.6138 1.19908 25.9189 3.49042 56.2255
9261539328 0 14.1358 8.28512 12.4558 7.1894 27.2992 1.19292 25.8472 0.254145 46.5771 30.9813 1.18434 24.9262 4.86579 53.6759
9261436928 0 14.0068 9.96164 12.6293 6.82893 27.5505 0.681989 26.2116 0.651716 38.7379 30.5554 0.686912 24.2121 5.65138 56.5086
9261000704 0 13.8503 9.90227 12.494 7.00187 27.8604 1.69762 26.153 0.00477828 38.9683 30.8849 1.27613 24.8515 4.75207 55.1103
9260695552 0 13.945 10.8255 12.6126 6.71554 27.6703 1.01907 26.2103 0.435901 35.6439 30.5935 1.02243 24.937 4.62918 57.4581
9261076480 0 3.21117 5.31801 11.8712 6.98806 120.168 21.3692 98.339 0.454314 72.5606 32.5053 1.99723 25.2478 5.25518 55.2196
9261414400 0 14.5475 7.1473 12.8368 6.71301 26.5263 0.633059 25.7456 0.142666 53.9913 30.0614 0.447396 25.2817 4.32735 57.4843
9260976128 0 14.2708 9.46719 12.7314 6.68451 27.0394 0.556955 26.3863 0.0911793 40.7591 30.3089 0.587431 25.0397 4.6768 57.7266
9260994560 0 13.9361 10.4466 12.6804 6.8705 27.6888 0.290894 27.3883 0.0046982 36.9378 30.4308 0.273203 24.7584 5.39406 56.164
9261500416 0 13.8397 10.826 12.5982 6.95308 27.8833 1.47129 26.2699 0.13716 35.6454 30.6309 1.3243 24.6057 4.69588 55.5
9261432832 0 13.4441 4.33267 12.4503 6.62814 28.7036 0.714767 26.3493 1.63449 89.0659 30.9947 1.13823 26.0274 3.82413 58.2204
9261447168 0 7.78131 10.613 12.5546 6.10405 49.5924 0.778382 48.8039 0.004897 36.3604 30.7371 0.677811 25.5754 4.47897 63.2192
9261395968 0 9.8203 10.0446 12.4875 7.0497 39.2953 0.503534 38.782 0.00473664 38.4177 30.9022 0.398235 23.9863 6.51271 54.7387
9260683264 0 13.9995 9.57568 12.6246 6.99216 27.5625 1.80078 25.5458 0.210843 40.296 30.5642 1.7807 23.5765 5.20205 55.185
18521602048 0 13.7097 1.0084 12.4742 7.39432 56.291 2.21133 48.6204 5.45417 765.302 61.8663 2.20092 48.8957 10.7648 104.368
18522245120 0 13.2111 5.25445 12.129 7.16426 58.4176 2.68451 50.5744 5.15361 146.877 63.6294 2.58365 51.0884 9.95249 107.724
18521743360 0 13.8401 2.11637 12.7013 7.27582 55.761 2.24137 53.5098 0.00474632 364.653 60.7607 2.17475 49.1433 9.43766 106.069
18521585664 0 14.4451 8.39614 13.1191 7.29385 53.4254 1.21463 52.2011 0.00469812 91.9152 58.8251 1.23692 48.9145 8.6687 105.806
18522114048 0 14.1867 11.3436 12.6962 6.86277 54.3999 1.57195 52.8181 0.00481996 68.0346 60.7863 1.34143 50.0537 9.38615 112.455
18522275840 0 14.155 7.1282 12.409 7.01776 54.5222 1.08531 52.806 0.625957 108.269 62.1935 2.82781 50.9953 8.36544 109.973
18522224640 0 13.6093 10.1154 12.279 6.92086 56.7081 1.28038 55.418 0.00465964 76.2953 62.8522 1.25502 52.6176 8.97464 111.512
18522333184 0 13.8038 11.9489 11.8721 7.07415 55.9095 1.35261 52.309 2.24287 64.5888 65.0067 2.16481 52.3935 10.4435 109.096
18521690112 0 13.6112 9.4146 12.1264 7.28606 56.6989 1.18716 55.3006 0.206127 81.9724 63.6409 1.37516 54.0148 8.24596 105.92
18521524224 0 13.7344 3.75096 12.3977 7.07174 56.1894 2.20733 51.9304 2.04667 205.742 62.2477 2.64027 50.7458 8.85671 109.129
18522425344 0 13.5848 1.808 12.1685 6.68215 56.8111 1.05169 55.7494 0.00505244 426.862 63.4236 1.05975 52.2091 10.1498 115.497
18522585088 0 14.8215 11.635 13.1176 6.92159 52.0714 1.98724 49.7525 0.326508 66.3319 58.8351 2.29348 47.6229 8.9138 111.502
18522384384 0 13.118 11.8463 11.8191 6.67853 58.8328 0.868298 57.5759 0.38346 65.1483 65.2981 1.22534 55.6375 8.43031 115.559
18521563136 0 13.762 8.46885 12.6201 7.26266 56.0769 2.08408 53.983 0.00476076 91.1259 61.1508 1.4632 50.5624 9.12027 106.26
18521960448 0 13.8685 11.7792 11.4204 7.11613 55.6476 1.46457 52.8494 1.3285 65.5177 67.5762 1.55967 51.4465 14.565 108.451
18521628672 0 13.1611 8.12055 11.9281 6.16461 58.6374 1.19615 57.2001 0.236143 95.0347 64.6989 1.5105 51.8704 11.313 125.188
18522126336 0 14.1108 12.5817 12.6665 7.07561 54.6926 2.47393 52.2089 0.00473828 61.3395 60.9288 2.52724 49.8665 8.53005 109.073
18521952256 0 13.5773 2.26062 12.2805 7.06898 56.8409 1.65208 54.3796 0.804117 341.388 62.8435 1.68246 51.3291 9.82707 109.174
18522552320 0 14.3694 10.0448 12.8001 7.146 53.7095 1.1749 52.5249 0.00468376 76.833 60.2943 3.0161 47.3585 9.91472 108.001
18521657344 0 13.8817 7.17718 12.5207 7.18093 55.5937 1.34668 54.1463 0.0958199 107.526 61.6366 1.3385 50.017 10.2762 107.47
37044346880 0 13.8278 1.20238 12.6252 7.23976 111.624 2.49252 109.122 0.00469028 1283.71 122.257 3.35015 105.135 13.7661 213.2
37043800064 0 14.0665 7.27695 12.3819 7.02724 109.728 6.46508 100.126 3.13139 212.107 124.657 7.18325 100.441 17.0282 219.644
37043908608 0 14.4495 10.7857 13.0136 7.25947 106.82 4.0551 102.342 0.418231 143.105 118.606 2.36793 98.1943 18.0387 212.618
37043841024 0 13.5418 12.2613 12.3669 7.24565 113.98 5.16578 102.83 5.97858 125.883 124.809 5.17058 103.585 16.0481 213.024
37043654656 0 14.1458 9.01879 12.7093 6.65389 109.113 3.53382 104.189 1.38497 171.141 121.445 3.65988 100.018 17.7622 231.967
37044576256 0 14.5888 8.4389 12.9247 7.11992 105.802 2.35914 103.433 0.00503776 182.906 119.424 2.20108 100.815 16.4032 216.79
37044506624 0 12.938 3.17907 11.7562 7.22615 119.301 3.29724 115.388 0.611056 485.526 131.294 3.28823 102.21 25.7915 213.602
37044375552 0 14.4883 3.96309 12.4948 7.35898 106.535 2.00694 104.487 0.0355923 389.472 123.532 1.99209 103.418 18.1173 209.746
37044353024 0 14.1838 5.69741 12.7805 7.37513 108.822 2.84724 105.927 0.0427647 270.915 120.771 4.26139 95.6947 20.8097 209.286
37043767296 0 14.0121 2.1952 12.6502 7.19473 110.154 2.64498 106.9 0.603783 703.121 122.013 2.44779 101.376 18.1845 214.531
37044385792 0 13.7784 2.00751 12.5865 7.03074 112.024 4.08771 95.857 12.0743 768.872 122.632 4.07676 97.2885 21.2621 219.538
37044314112 0 14.5721 2.96948 12.8579 7.0812 105.922 2.28261 102.483 1.15138 519.792 120.044 2.29128 101.722 16.026 217.973
37044531200 0 14.7063 8.96973 12.8937 7.2778 104.956 1.31079 101.686 1.95472 172.081 119.711 2.79591 99.3555 17.5547 212.086
37043576832 0 13.9051 1.19314 12.2677 7.13004 111.001 3.32408 107.668 0.0046726 1293.63 125.817 3.3032 101.406 21.1022 216.476
37044508672 0 14.1866 1.79731 12.4786 7.15071 108.802 3.45339 105.338 0.00468536 858.796 123.694 3.46219 100.562 19.665 215.856
37044187136 0 13.345 1.4956 12.0759 6.65246 115.662 4.06887 101.622 9.96646 1032.03 127.818 4.06815 103.087 20.6577 232.021
37043628032 0 13.3332 1.00122 12.1566 6.97687 115.763 2.18396 112.725 0.849099 1541.6 126.966 2.18326 96.7172 28.0608 221.229
37044066304 0 14.4664 3.55328 12.7506 7.04473 106.696 5.53471 101.151 0.00497064 434.388 121.053 5.50379 95.8008 19.7436 219.1
37044439040 0 14.2246 7.80102 11.8932 7.23814 108.511 6.65946 101.841 0.0046886 197.861 129.781 7.46093 103.413 18.9017 213.248
37043804160 0 7.06045 8.15533 12.2031 6.89882 218.611 8.009 210.592 0.00469664 189.262 126.483 3.30752 101.206 21.9646 223.733
74088534016 0 13.5554 10.8088 11.7055 7.2001 227.734 4.77501 217.814 5.14021 285.601 263.723 5.21987 223.467 35.0308 428.747
74087653376 0 14.0074 2.26935 12.1933 7.32412 220.383 5.24158 215.131 0.0050314 1360.29 253.171 5.44681 199.346 48.3733 421.482
74088316928 0 14.2238 2.39636 11.9322 7.28675 217.032 1.89366 213.196 1.93712 1288.21 258.712 1.90874 206.402 50.3964 423.648
74087892992 0 13.7192 2.87241 12.0283 6.89726 225.013 11.0855 210.9 3.02201 1074.71 256.644 18.8273 205.884 31.9272 447.569
74088028160 0 14.2136 1.79368 12.8203 7.23545 217.186 5.14278 206.989 5.04908 1721.05 240.789 4.29005 196.4 40.0935 426.65
74088456192 0 10.2591 2.8237 12.5259 7.15677 300.906 1.88763 299.008 0.004739 1093.25 246.45 1.38997 203.605 41.4491 431.343
74088050688 0 13.6677 6.78396 12.5866 7.01934 225.861 7.20958 218.641 0.0047751 455.044 245.261 7.18985 190.93 47.1363 439.785
74088472576 0 13.3103 2.43592 11.393 6.88318 231.927 2.28498 229.632 0.0049111 1267.29 270.957 2.66786 232.983 35.3002 448.487
74088202240 0 14.0057 2.87343 12.6083 7.18341 220.411 11.3631 207.639 1.40373 1074.33 244.84 11.8452 193.332 39.6575 429.741
74088644608 0 13.8533 4.18273 11.9123 7.37157 222.837 3.45973 219.367 0.0048473 738.041 259.145 6.14141 219.787 33.2114 418.774
74088421376 0 13.9515 2.39661 12.4816 7.06286 221.268 9.1766 210.661 1.42535 1288.08 247.325 9.66201 194.865 42.7932 437.077
74087936000 0 14.6713 11.5909 12.7709 7.03083 210.41 5.85596 202.423 2.12579 266.329 241.722 6.15773 200.252 35.307 439.066
74088333312 0 11.8725 12.7661 9.49224 7.25576 260.013 5.36605 248.7 5.94165 241.814 325.214 4.95177 253.208 67.0496 425.457
74087712768 0 13.3577 5.77136 11.6187 6.93834 231.102 11.5645 217.305 2.22781 534.881 265.691 11.5644 208.953 45.1684 444.917
74087780352 0 13.826 3.4107 12.6448 7.14359 223.275 4.11485 219.15 0.0049153 905.089 244.131 4.08889 207.048 32.9885 432.135
74087804928 0 14.0897 6.7799 12.5534 6.95277 219.095 8.78127 210.304 0.004683 455.315 245.908 7.35101 195.349 43.2027 443.995
74088585216 0 14.0235 12.1475 12.3472 7.39921 220.133 6.11992 213.912 0.0953584 254.128 250.017 6.11495 209.301 34.5957 417.21
74087970816 0 13.8165 2.93091 11.8704 7.15237 223.429 7.63768 209.227 6.55848 1053.26 260.06 8.21322 200.336 51.5049 431.605
74088517632 0 13.5158 2.81588 12.3623 7.11046 228.402 9.21027 219.181 0.0047069 1096.29 249.713 9.20224 206.559 33.9469 434.152
74087901184 0 13.7141 11.9251 11.7288 7.05264 225.096 1.78236 223.304 0.0049194 258.865 263.199 4.69579 228.02 30.4777 437.708
148176809984 0 13.8914 6.18027 12.3674 7.3242 444.449 8.96158 433.934 1.54821 998.991 499.22 12.6923 412.578 73.9439 842.963
148176187392 0 14.1685 6.6868 12.0674 7.17194 435.755 10.7866 417.711 7.25301 923.313 511.627 10.7872 404.078 96.7562 860.856
148176156672 0 13.9784 11.8914 12.6374 7.17188 441.681 23.0414 396.181 22.4538 519.2 488.551 22.4482 392.069 74.0282 860.863
148175845376 0 14.1761 9.77979 12.4192 7.01554 435.523 35.0265 400.486 0.0047431 631.301 497.131 28.1072 394.946 74.0728 880.046
148176527360 0 13.9569 3.18568 12.5184 7.25125 442.364 15.6692 424.545 2.14394 1938.05 493.197 15.9278 385.227 92.0368 851.442
148176365568 0 9.58061 3.84167 12.5326 7.31397 644.428 18.0168 618.101 8.30517 1607.12 492.638 18.0307 412.876 61.7255 844.141
148176574464 0 14.3732 10.2036 12.5705 7.44078 429.551 6.80243 420.85 1.89306 605.085 491.151 18.076 419.178 53.8921 829.755
148176349184 0 13.6589 11.0675 12.5537 7.04388 452.015 27.21 416.332 8.46848 557.85 491.809 32.0574 387.398 72.3479 876.508
148176443392 0 13.6204 3.27213 12.5653 7.14954 453.293 7.04307 446.175 0.0697041 1886.85 491.356 6.99441 402.764 81.5926 863.555
148176615424 0 13.636 4.65295 10.4325 7.00485 452.774 27.4805 389.216 36.0719 1326.91 591.809 35.3044 392.646 163.853 881.393
148176898048 0 12.8712 3.60439 11.7138 7.00472 479.679 24.5476 452.705 2.42076 1712.92 527.072 21.162 395.814 110.091 881.412
148176596992 0 13.8464 4.45699 12.2227 7.28005 445.894 13.7999 427.686 4.40246 1385.24 505.129 14.0503 398.503 92.5702 848.074
148176607232 0 14.0438 4.78456 12.2636 6.99625 439.626 3.22637 432.492 3.90254 1290.41 503.441 2.84705 411.566 89.0229 882.477
148176435200 0 14.0079 7.35626 11.1013 7.2718 440.754 17.2288 423.515 0.0047953 839.287 556.152 18.3209 403.411 134.414 849.036
148176472064 0 13.433 6.77157 12.7218 7.33155 459.617 9.75279 449.854 0.0051316 911.756 485.309 9.44275 399.331 76.5306 842.116
148175931392 0 13.2965 5.22093 11.6693 7.46697 464.331 21.0628 388.456 54.8069 1182.55 529.082 22.6215 428.336 78.1197 826.841
148176623616 0 13.6556 4.02803 12.0569 7.03739 452.122 3.91749 443.832 4.36732 1532.76 512.073 3.05727 420.965 88.0457 877.318
148176402432 0 14.7815 4.61492 13.0021 7.28534 417.685 10.2208 405.448 2.01002 1337.84 474.848 12.7046 396.54 65.5981 847.457
148176666624 0 13.5134 12.2014 11.8032 7.27667 456.883 8.19398 448.678 0.0051277 506.011 523.08 8.25651 415.339 99.4784 848.469
148176396288 0 14.2812 8.23726 12.833 6.91554 432.319 7.62488 424.683 0.0047391 749.523 481.103 7.59313 385.653 87.852 892.775
