9261230080 0 13.708 11.4439 12.8394 6.89503 28.1503 1.71768 26.4229 0.00470944 33.7197 30.0546 1.36688 23.9831 4.69971 55.9656
9260752896 0 13.9541 8.11594 12.587 6.90407 27.6525 1.12244 26.5202 0.0047528 47.544 30.6559 1.12505 25.6606 3.86532 55.8895
9260595200 0 13.91 9.24617 13.0704 6.42161 27.7396 1.33118 26.1987 0.20448 41.7317 29.5216 1.35412 23.6403 4.52214 60.0874
9260736512 0 13.9134 10.3683 12.2933 6.87009 27.7333 0.735523 26.988 0.00477672 37.2157 31.3881 0.964556 25.157 5.26128 56.1658
9261393920 0 13.9442 2.1226 12.3107 6.17016 27.6739 1.23836 25.9001 0.530351 181.801 31.346 1.44387 24.4524 5.44476 62.5416
9261279232 0 8.18934 9.58208 12.4739 7.01833 47.1206 1.78413 40.2271 5.1044 40.2717 30.9354 1.74284 24.4783 4.70932 54.9827
9260924928 0 7.23295 9.15839 10.1239 6.51184 53.3492 0.195708 53.1435 0.00495452 42.1332 38.115 0.18582 31.257 6.66725 59.257
9260980224 0 8.90284 8.05148 9.43512 6.57716 43.3428 1.02621 40.0756 2.23606 47.9259 40.8977 0.900997 26.8383 13.1534 58.6688
9261543424 0 9.54672 8.3275 12.2154 6.92321 40.422 1.59561 38.1463 0.675115 46.3402 31.5912 0.894129 24.8436 5.84833 55.7397
9261572096 0 13.2743 10.6702 12.2006 7.00334 29.071 1.34816 26.1906 1.52723 36.166 31.6294 1.33211 25.9376 4.35473 55.1021
9260730368 0 13.5976 7.67387 8.4509 6.49025 28.3774 0.843237 27.5241 0.004828 50.2828 45.6595 0.821187 30.0399 14.7934 59.4528
9261068288 0 13.1983 6.02064 12.1708 7.04655 29.2368 1.07933 27.9904 0.162154 64.0925 31.7051 1.17422 25.5883 4.93762 54.7612
9260431360 0 14.314 6.51564 9.9744 7.16367 26.9561 0.667365 26.2779 0.0055378 59.2193 38.6842 0.837868 27.6154 10.2259 53.8622
9261545472 0 14.3775 10.03 12.6335 6.68427 26.8404 0.693779 25.9846 0.156772 38.4742 30.5457 0.690124 23.8307 6.01989 57.7322
9260953600 0 13.4117 10.3831 12.102 6.91275 28.7713 0.789152 27.9725 0.00465492 37.1635 31.8852 0.62897 26.1023 5.1489 55.8205
9260445696 0 14.4119 7.04402 12.8106 6.75939 26.7732 0.765113 25.9985 0.0046614 54.7773 30.1197 0.778307 24.141 5.1953 57.0839
9261412352 0 14.0093 10.3644 12.593 7.28077 27.5454 0.52278 27.0129 0.00466932 37.2324 30.6434 0.508814 24.8323 5.29731 53.0016
9261006848 0 4.08981 9.77513 12.4428 7.25275 94.3505 16.7834 77.2329 0.329012 39.4752 31.0118 1.75075 24.4321 4.82397 53.204
9260736512 0 13.8652 8.0529 12.3766 7.13877 27.8297 0.514007 26.7729 0.53774 47.9161 31.1768 0.362767 26.3103 4.49879 54.0519
9261535232 0 13.8611 9.73274 12.2915 7.04861 27.8403 0.259589 27.235 0.340689 39.6494 31.3954 0.214887 25.9631 5.21252 54.748
9261406208 0 13.7219 7.62654 12.4936 6.30401 28.1223 0.765686 27.1131 0.238588 50.5985 30.8872 0.775608 24.6156 5.49102 61.2138
9260906496 0 6.65079 12.3363 12.6696 6.87209 58.0188 1.80827 55.9644 0.241091 31.2793 30.4566 0.565876 25.2458 4.63995 56.1504
9261230080 0 14.0651 10.9639 12.3603 6.69794 27.4356 1.02819 25.9089 0.493469 35.196 31.2196 1.05977 25.9193 4.23553 57.6125
9261076480 0 13.9485 8.81674 12.4126 6.61362 27.6646 1.2973 26.3576 0.00468372 43.7665 31.0876 1.28116 25.0921 4.70936 58.3459
9260734464 0 9.3292 6.68447 12.9253 7.01522 41.3609 1.46257 37.3069 2.58621 57.7254 29.8533 1.45132 23.8628 4.53414 55.0038
9260924928 0 14.3651 3.0113 13.0281 7.0011 26.8618 0.896219 25.929 0.031556 128.141 29.6184 0.607715 24.1441 4.86134 55.1159
9260640256 0 13.2289 10.1613 11.7932 6.35448 29.168 1.37618 27.2067 0.580151 37.9733 32.7189 0.753404 26.0529 5.90757 60.7225
9261316096 0 13.911 8.63297 12.6331 7.0821 27.7398 1.36016 26.3697 0.00478168 44.6993 30.5458 1.40312 24.4452 4.69228 54.4878
9261291520 0 13.9848 8.90124 12.9522 7.23609 27.5933 0.417641 27.1212 0.0494659 43.3521 29.7933 0.597561 24.7116 4.47867 53.3281
9260453888 0 13.5795 9.89551 12.1846 6.62137 28.4144 1.01861 27.386 0.00472224 38.9927 31.6671 1.43688 26.755 3.47036 58.2738
9260445696 0 13.7564 10.3839 12.3456 7.15523 28.0489 1.22564 26.8132 0.0049914 37.1586 31.2543 1.20095 24.6275 5.42086 53.9259
9261531136 0 13.1896 8.16838 12.0489 6.69278 29.2576 1.20727 28.0396 0.00522548 47.2428 32.0276 0.966501 26.2196 4.83651 57.6588
9260916736 0 14.2169 11.1932 13.0982 6.86081 27.1417 0.307627 26.4852 0.343847 34.4736 29.4598 0.30403 24.6873 4.4635 56.2428
9261252608 0 13.7048 9.51206 10.1637 6.74948 28.157 0.681657 27.2246 0.245786 40.568 37.9671 1.42117 25.411 11.1299 57.1727
9261203456 0 13.3581 12.5816 12.1071 6.87995 28.8877 0.570616 28.0909 0.207763 30.6704 31.8726 0.556453 27.1056 4.20555 56.0881
9261109248 0 7.84678 0.991407 12.8258 6.57041 49.1768 0.620228 48.5268 0.0242634 389.224 30.0861 0.244426 25.1047 4.73182 58.7299
9261273088 0 13.8107 11.4605 12.7261 7.10683 27.9411 0.728411 27.2029 0.00466144 33.671 30.3223 0.411685 25.155 4.75071 54.2979
9261207552 0 13.8007 11.1164 12.2617 6.45955 27.9612 0.615063 27.3363 0.00480552 34.7131 31.4707 0.600291 25.9132 4.95239 59.7385
9261524992 0 2.55209 11.4814 12.6734 6.62931 151.208 1.0067 150.01 0.186148 33.6106 30.4493 0.973952 24.9248 4.54547 58.2108
9261557760 0 14.0512 4.71724 12.5112 6.82358 27.4637 0.987967 26.466 0.00468372 81.806 30.8443 0.951266 24.7544 5.13371 56.5537
9260806144 0 6.06016 8.1215 8.63941 6.98351 63.6728 1.23718 62.3753 0.0552263 47.5118 44.6636 1.15247 28.3684 15.1372 55.254
9261103104 0 14.0693 11.1504 12.6432 6.68747 27.4269 0.923605 26.4937 0.00466932 34.6069 30.5207 0.536628 25.2186 4.76051 57.7018
9260607488 0 13.8517 9.37259 11.9425 6.20169 27.8565 0.675212 26.7278 0.448535 41.1689 32.3098 0.719732 25.9138 5.67118 62.2183
9261451264 0 14.0399 10.3525 12.768 6.85793 27.4856 0.661416 26.7686 0.0504978 37.2753 30.2235 0.654787 24.7911 4.77262 56.2697
9260687360 0 14.4723 6.56393 12.8773 6.30954 26.662 0.8207 25.8316 0.00469024 58.7852 29.9646 0.658095 23.8447 5.45685 61.1553
9260736512 0 13.2182 1.56888 11.7544 6.59439 29.1919 1.86692 27.3152 0.00474628 245.948 32.8271 1.92503 25.4129 5.48423 58.5139
9260591104 0 13.8793 8.09202 12.3425 6.58278 27.8009 0.10916 27.4403 0.246491 47.6838 31.2626 0.101037 26.0079 5.14872 58.6162
9261326336 0 13.5366 12.8724 12.8221 7.11188 28.5071 0.987023 27.467 0.0480268 29.978 30.0955 0.758157 24.3566 4.97575 54.2597
9261060096 0 13.7627 7.75318 12.4888 6.66069 28.0379 0.908064 26.9828 0.141981 49.7702 30.8979 0.913166 23.7029 6.27689 57.9336
9260890112 0 13.9893 9.36085 12.3132 6.77948 27.5833 0.988512 26.2481 0.341617 41.2217 31.338 0.729208 24.9713 5.63252 56.9174
9260843008 0 4.94875 9.53208 12.3091 6.85796 77.973 1.2069 76.7561 0.00501224 40.481 31.3481 1.10449 25.8374 4.40106 56.2658
9261082624 0 13.6684 2.35713 12.662 6.53367 28.2315 0.429596 27.7923 0.00469024 163.707 30.4754 0.414406 25.0433 5.01276 59.06
9261041664 0 14.775 12.0417 13.0595 6.74094 26.1168 1.00452 24.769 0.338359 32.0451 29.5476 1.06298 24.0803 4.39931 57.2437
9260734464 0 14.0082 12.0782 12.8214 6.90967 27.5456 1.47377 26.0615 0.00500584 31.9471 30.0953 1.46293 24.7749 3.85234 55.844
9261088768 0 14.2163 11.1176 12.5819 6.28982 27.1434 0.720565 26.4122 0.0054834 34.7088 30.6694 0.900723 25.4743 4.28945 61.3497
9261529088 0 13.4819 10.1723 12.34 6.53382 28.6234 1.88651 26.6418 0.0900977 37.9361 31.2721 1.87794 24.5014 4.8878 59.0615
9261432832 0 14.1814 8.2429 12.5549 6.84168 27.2112 1.14061 25.3342 0.731368 46.8152 30.7364 1.12198 25.0355 4.57379 56.4032
9261203456 0 14.2122 11.6727 12.4847 7.09175 27.1516 0.431274 26.7097 0.00510196 33.0588 30.9086 0.855611 26.1899 3.85813 54.413
9261189120 0 13.9561 9.48832 12.3552 6.60909 27.6498 0.87038 26.5765 0.197759 40.6693 31.2325 0.853316 25.148 5.22602 58.3867
9260578816 0 14.3456 8.8172 12.8706 7.15116 26.8973 1.37608 25.5116 0.00465976 43.7619 29.9797 1.11214 24.7058 4.15668 53.9573
9261572096 0 14.0945 7.95253 12.4677 6.72066 27.3793 0.191058 26.8563 0.326841 48.5253 30.952 0.188138 24.7984 5.96034 57.4198
9261033472 0 13.6561 10.3469 11.8924 6.83243 28.2568 0.319808 27.91 0.0219929 37.2938 32.4474 0.305121 25.1343 7.00299 56.4772
9260957696 0 14.0929 7.66902 12.8232 6.18573 27.3806 0.955544 26.3756 0.044484 50.3159 30.0918 0.955238 23.6762 5.45532 62.3812
9261565952 0 13.6721 7.46936 12.9844 6.85938 28.2253 0.793012 27.4224 0.00474152 51.6642 29.7201 0.46016 24.6427 4.6123 56.2585
9261058048 0 13.7748 3.82193 12.357 6.7531 28.0133 1.02331 26.8788 0.106226 100.964 31.2275 1.01091 24.9535 5.25794 57.1408
9260886016 0 14.2226 8.55363 12.9126 7.2341 27.1308 1.43111 25.6891 0.00515488 45.1119 29.8832 1.50173 23.5932 4.78318 53.3405
9261086720 0 13.5386 7.63117 11.7529 6.47647 28.5021 0.837329 26.5581 1.10165 50.5661 32.8326 0.568076 26.2808 5.97882 59.5816
9261103104 0 13.0454 9.80616 11.8716 6.71987 29.5797 0.924458 28.6453 0.00488724 39.3507 32.5043 1.08777 27.391 4.02058 57.4236
9260904448 0 14.3634 3.80861 13.1091 3.81651 26.8649 1.02075 25.2259 0.613169 101.316 29.4354 1.15663 24.1507 4.12299 101.106
9261574144 0 9.11381 10.0894 12.7391 6.8844 42.3422 1.29386 38.1161 2.92715 38.2479 30.2926 0.987656 24.8497 4.4501 56.0541
9260775424 0 13.396 10.7985 12.2133 6.68523 28.8045 0.427542 28.137 0.234839 35.7332 31.594 0.423507 25.5372 5.62828 57.7192
9260611584 0 13.4901 10.8082 11.9826 6.88702 28.603 2.74553 25.8475 0.00497216 35.7005 32.2015 2.73003 24.6389 4.82767 56.027
9260670976 0 13.9957 10.2271 13.0537 4.48565 27.5701 1.09384 26.4177 0.0536176 37.7292 29.5596 1.09444 23.9242 4.53596 86.0213
9260496896 0 9.77075 12.1978 12.9779 6.44656 39.4907 0.481842 38.9939 0.0063454 31.6331 29.7316 0.480772 24.5022 4.74357 59.8543
9260730368 0 14.1917 10.1079 12.4695 6.83253 27.1894 0.966538 26.2132 0.00469028 38.1746 30.9447 0.947708 25.3032 4.68885 56.4745
9261047808 0 13.9758 9.325 12.3692 6.84956 27.6104 0.543997 27.0567 0.00468704 41.3809 31.1965 0.521046 24.8839 5.78654 56.336
9260763136 0 13.8845 8.73992 12.6845 7.0232 27.7912 1.40932 26.3712 0.00514056 44.1497 30.4202 1.61243 24.0506 4.75222 54.9415
9260902400 0 14.0319 2.45363 11.0852 7.13106 27.4995 1.20982 26.2374 0.0470381 157.265 34.8095 1.21468 28.1992 5.3902 54.1113
9260740608 0 4.79556 2.25275 12.7109 6.55788 80.4628 0.585953 79.867 0.00482156 171.286 30.3569 0.958371 24.9602 4.4332 58.8398
9260998656 0 13.0237 7.85314 12.0823 6.32644 29.6286 1.48738 28.1316 0.00470628 49.1364 31.9373 0.975175 27.1364 3.82065 60.9941
9261322240 0 13.0886 11.0069 11.8601 6.95421 29.4827 1.47479 27.6612 0.341821 35.0589 32.5367 0.464477 25.9465 6.12073 55.4899
9261490176 0 14.1402 7.7183 12.4559 6.80964 27.2906 0.960579 25.7419 0.583193 49.9975 30.9809 0.975643 25.9076 4.09264 56.669
9261291520 0 14.4299 10.866 12.9214 6.78892 26.7422 0.23821 26.4943 0.00470312 35.5133 29.8642 0.221257 23.4438 6.19418 56.8407
9261039616 0 14.2509 9.73525 8.93014 7.10419 27.0773 1.41644 25.6511 0.00475588 39.637 43.2106 1.43377 26.9186 14.8533 54.3167
9261258752 0 14.2264 11.6569 12.3235 6.46532 27.1246 0.898877 26.1012 0.119074 33.1037 31.3131 0.923123 25.0032 5.38146 59.6854
9261230080 0 13.2755 12.2459 12.3585 6.62506 29.0675 1.08508 27.9717 0.00533436 31.5115 31.2242 1.08107 25.0575 5.08063 58.2462
9260918784 0 13.6416 9.47655 12.0819 7.08382 28.2863 1.31883 26.169 0.793309 40.7186 31.9381 0.530853 25.6321 5.77018 54.4722
9261260800 0 14.1122 11.8045 12.8999 6.82943 27.3441 0.917971 25.9713 0.449884 32.6896 29.9139 1.03845 24.7046 4.16585 56.5034
9261344768 0 13.2863 8.73679 12.4315 6.71497 29.0441 1.12257 26.0096 1.90663 44.1683 31.0413 1.36043 24.6637 5.01219 57.4671
9261074432 0 13.9118 9.13273 6.59042 6.86774 27.7376 0.757588 26.5138 0.461243 42.2522 58.5513 0.744418 26.2668 31.5353 56.1871
9260824576 0 7.86283 11.8753 5.28286 6.66705 49.0749 2.93006 46.1351 0.0048248 32.4933 73.0414 1.35525 37.9707 33.7104 57.8768
9260943360 0 13.7825 9.49366 12.6107 6.49778 27.9973 0.878879 26.8276 0.28583 40.6453 30.5989 0.906162 24.8261 4.86175 59.3853
9261359104 0 14.1384 11.2611 12.4731 6.84102 27.2937 0.928119 26.2913 0.069284 34.2675 30.9378 1.29557 25.283 4.35423 56.4083
9260750848 0 13.7848 11.2229 12.489 7.00436 27.992 1.19969 26.7823 0.00474156 34.3818 30.8963 1.09128 25.3022 4.4978 55.0892
9261225984 0 11.9198 10.1693 12.3722 6.71465 32.3734 0.846482 31.3404 0.181559 37.9459 31.1896 0.800369 25.7696 4.61458 57.469
9260769280 0 5.5335 10.134 11.0212 5.9662 69.7327 1.15436 68.5373 0.036078 38.0764 35.0111 0.923513 28.8954 5.18709 64.6752
9261004800 0 14.9544 9.88065 13.0645 6.92187 25.8034 1.02547 24.6367 0.136213 39.0536 29.5363 1.03958 23.6064 4.88527 55.7473
9260531712 0 5.14327 11.9278 12.9998 6.57342 75.0214 0.5384 74.4731 0.004836 32.3494 29.6816 0.416276 25.0152 4.24494 58.6994
9260644352 0 13.7406 10.476 12.5866 3.36728 28.0818 0.693957 27.2954 0.0874729 36.8326 30.6564 0.682801 25.4403 4.52841 114.591
9260912640 0 4.54897 4.57137 12.5067 6.88434 84.8261 16.811 67.9769 0.0332865 84.4105 30.8533 0.729538 24.4363 5.68189 56.0506
9260507136 0 14.4404 8.72209 12.4146 6.92992 26.7204 1.05943 24.8934 0.762591 44.2387 31.0807 1.0223 25.061 4.99246 55.6795
9260986368 0 13.2301 10.6608 8.35538 4.64219 29.1664 1.09691 28.059 0.005134 36.1957 46.1827 1.33249 24.7338 20.1115 83.1234
9260857344 0 12.756 10.2714 11.5847 6.60429 30.2499 0.549668 29.6906 0.00468696 37.5672 33.3084 0.544899 25.6051 7.15324 58.4271
9261537280 0 3.91551 8.38937 13.1743 6.85293 98.556 1.1555 97.3624 0.0331535 45.9984 29.2916 1.05267 23.3684 4.86565 56.3113
9260570624 0 14.3636 12.3023 13.2184 6.91553 26.8635 0.919667 25.9339 0.00477016 31.3647 29.191 0.897177 23.7775 4.51116 55.7957
9260752896 0 14.2881 4.63648 12.857 7.08941 27.006 0.486382 26.3966 0.11792 83.2236 30.0121 0.473678 23.8904 5.64292 54.4284
9261225984 0 13.9384 6.36818 12.279 6.67134 27.685 1.70255 25.9728 0.00468868 60.5957 31.4264 1.68687 24.8761 4.85833 57.8421
9261232128 0 13.1771 9.04567 12.3874 6.76709 29.2845 0.450067 28.8246 0.00475744 42.6596 31.1513 0.432809 25.4704 5.24296 57.0237
9261334528 0 4.43864 4.88762 12.6367 7.1221 86.9386 0.570732 85.7789 0.583844 78.9523 30.5371 0.47592 24.9354 5.12086 54.1819
9260822528 0 14.2458 11.4323 12.8138 6.93691 27.0865 0.47437 26.3666 0.240359 33.7523 30.1135 0.465285 24.8826 4.76073 55.6253
9261565952 0 14.2139 8.82479 12.4585 6.71126 27.1494 1.22816 25.6745 0.241591 43.7289 30.9748 1.22761 25.2699 4.47218 57.5002
9261416448 0 14.4361 9.37675 11.2912 6.95655 26.7312 0.786915 25.9345 0.00468864 41.1542 34.1765 0.798479 25.7085 7.66444 55.4718
9261420544 0 7.48736 5.80294 12.2306 6.81087 51.5392 0.924977 50.3206 0.288592 66.4995 31.5513 0.949535 25.7419 4.85476 56.6583
9260689408 0 14.0304 10.9543 12.4637 7.09953 27.5018 0.884856 26.5904 0.021621 35.2248 30.9589 0.887201 25.6639 4.40281 54.3504
9260908544 0 13.5781 7.63641 12.4539 2.18724 28.4187 2.23393 25.5263 0.65346 50.5305 30.984 2.43732 24.3948 4.14698 176.419
9260621824 0 14.0914 3.16125 12.6654 6.65582 27.3826 0.432237 26.6275 0.317733 122.059 30.4657 0.42498 25.2536 4.78214 57.9732
9261281280 0 13.8714 10.6099 12.3913 6.43923 27.8189 0.842181 26.9669 0.00479908 36.3705 31.1417 0.83691 24.2499 6.04983 59.9275
9261281280 0 4.32265 8.23899 12.7315 6.38616 89.2709 12.2056 76.3404 0.720041 46.8366 30.3096 0.60584 25.5841 4.11467 60.4255
9261062144 0 13.421 4.72524 12.0483 6.3708 28.7518 1.60295 26.1001 1.0437 81.6631 32.0275 1.53066 24.8831 5.60879 60.5697
9261084672 0 13.467 10.0905 12.2926 7.0598 28.6536 1.12622 27.3673 0.155004 38.2416 31.3912 1.06702 25.0316 5.287 54.6585
9260752896 0 13.3733 10.3512 11.9446 6.81284 28.8534 1.2192 27.6241 0.0050796 37.2773 32.3045 1.25223 26.8165 4.23075 56.6379
9261033472 0 13.6528 9.85408 12.6022 6.87109 28.2635 1.08505 25.8316 1.34161 39.159 30.6199 1.06733 25.0838 4.4638 56.1594
9260972032 0 7.74028 9.5204 4.56473 6.75851 49.8527 0.274212 49.3542 0.219146 40.5313 84.5338 0.24372 39.5011 44.784 57.0945
9261445120 0 13.9317 9.76187 12.4525 6.8371 27.699 0.706039 26.9831 0.0046838 39.5307 30.9892 0.621583 24.4862 5.87642 56.4411
9260662784 0 13.406 8.85958 12.1777 6.66352 28.7827 1.08655 27.3457 0.345448 43.553 31.686 1.13271 25.5855 4.96276 57.9065
9261156352 0 11.6665 9.95723 12.5637 6.81966 33.0762 0.836563 31.9707 0.263938 38.7539 30.7139 0.727176 25.2223 4.75944 56.5836
9260797952 0 4.23154 11.7648 12.715 6.58823 91.1883 0.813058 90.3653 0.0046566 32.7984 30.3473 0.328146 25.4724 4.54177 58.5691
9261434880 0 14.4675 8.7467 12.8497 7.00023 26.6731 0.472364 26.1601 0.0355763 44.1187 30.0312 0.443995 25.2548 4.3272 55.1258
9261012992 0 13.8392 4.24837 12.7021 6.97891 27.8827 0.512435 27.3594 0.00542088 90.829 30.379 0.49568 25.2672 4.61113 55.2916
9260621824 0 14.0655 10.1704 12.8782 7.2257 27.433 1.12302 26.1752 0.129734 37.9394 29.9623 1.0637 24.2844 4.60932 53.401
9261533184 0 13.9305 9.42281 12.7674 6.64622 27.7017 0.565915 26.9859 0.144773 40.9535 30.2252 0.892236 24.4978 4.83015 58.0626
9260650496 0 14.3981 8.6082 12.6953 7.05592 26.7995 0.828152 25.9605 0.0052928 44.8247 30.3939 0.869494 25.0532 4.46601 54.6861
9261459456 0 13.7334 8.82888 3.20857 6.92691 28.099 0.830654 26.8866 0.376791 43.7082 120.27 0.821112 58.4374 61.0063 55.7095
9261379584 0 14.0005 3.62095 12.6633 6.90578 27.5626 0.239918 27.313 0.0047142 106.572 30.4733 0.677207 25.6021 4.189 55.8794
9260982272 0 13.9252 9.87611 12.3828 6.85379 27.7104 1.38382 25.9656 0.35601 39.0715 31.1622 1.39505 24.5586 5.20356 56.3009
9260857344 0 13.4409 12.0906 12.0502 6.93672 28.7085 1.40904 26.9777 0.316722 31.9148 32.0218 1.39705 26.2112 4.40844 55.627
9260896256 0 14.0572 10.6973 12.3887 6.78529 27.4501 1.40948 25.7524 0.283264 36.0718 31.1469 1.19079 25.4165 4.53461 56.8687
9261164544 0 13.7772 11.832 11.6855 6.75965 28.0087 1.37906 25.9946 0.629985 32.6133 33.0224 0.960161 25.7511 6.30624 57.0861
9260529664 0 13.7828 6.21786 12.5105 6.82651 27.9954 1.03656 26.8318 0.122011 62.056 30.8426 1.01315 25.1709 4.65359 56.5231
9260810240 0 5.88237 10.5714 12.1536 6.5762 65.5972 1.22424 64.3632 0.00473032 36.501 31.7493 0.224585 25.4921 6.0276 58.6763
9260425216 0 13.7297 8.53695 12.4561 5.94937 28.1034 0.677372 27.1082 0.312779 45.1977 30.9769 0.562665 25.3213 5.08776 64.8558
9260806144 0 13.6087 6.075 12.3662 6.88762 28.3544 1.43049 26.9142 0.0046854 63.5172 31.2032 1.36594 25.1931 4.63914 56.0233
9260683264 0 13.1638 9.06691 11.6915 6.73973 29.3124 0.884635 28.4181 0.00472224 42.5572 33.0037 0.636045 28.1921 4.17061 57.2518
9261023232 0 13.531 12.536 12.1382 7.26987 28.5178 0.434738 27.8847 0.193399 30.7814 31.7902 0.422913 25.4003 5.96176 53.0788
9260869632 0 13.7018 10.1968 12.4327 6.37019 28.162 0.612886 27.3824 0.161686 37.8423 31.0366 0.615543 24.8456 5.57054 60.5742
9260955648 0 14.1092 9.98045 12.7924 6.97322 27.349 0.983462 24.245 2.11544 38.6629 30.1642 0.962795 24.0942 5.10219 55.3365
9260972032 0 13.9111 1.63655 12.5533 6.89804 27.7386 0.871915 26.8569 0.00470464 235.786 30.7389 0.762884 25.9715 3.9995 55.9396
9261572096 0 13.9081 10.2265 12.3748 6.81463 27.7464 2.32331 25.3901 0.028034 37.7353 31.1843 1.99789 24.9109 4.27032 56.628
9261549568 0 13.9221 10.2131 12.642 6.45444 27.7185 1.25006 26.4587 0.00469812 37.7848 30.5251 0.483999 25.3891 4.64709 59.788
9261258752 0 13.9785 8.35169 12.3426 6.76392 27.6056 0.373168 26.9114 0.316011 46.2045 31.2644 0.952551 26.1109 4.19596 57.0506
9260910592 0 14.2072 8.54834 12.6946 4.20729 27.1602 0.748829 25.8153 0.591082 45.1399 30.3964 0.732494 25.0037 4.65524 91.7149
9261228032 0 13.5647 9.99661 12.0929 4.42465 28.4476 0.915089 27.5228 0.00474152 38.6015 31.9099 1.19635 25.0218 5.68673 87.2124
9260548096 0 13.836 4.6234 12.5353 7.34905 27.8879 0.919954 26.9157 0.0472546 83.4573 30.7816 0.901201 23.8134 6.06205 52.5043
9260650496 0 12.7357 10.072 12.1042 4.29553 30.2976 0.593022 29.6118 0.0877645 38.3103 31.8782 0.582496 24.9126 6.37803 89.8284
9260967936 0 14.2602 7.90186 12.7486 7.39101 27.0595 1.25534 25.6231 0.176077 48.8333 30.2679 1.22094 23.9271 5.11492 52.2085
9261041664 0 14.0179 10.4487 12.8602 4.53468 27.5275 0.529211 26.9886 0.00468372 36.9306 30.0055 0.89175 23.8856 5.22318 85.0947
9261303808 0 9.18249 7.13893 12.6509 6.93004 42.0243 0.722462 38.6435 2.65325 54.054 30.5028 0.82373 24.8514 4.82274 55.6833
9260912640 0 13.7999 10.9557 12.5034 7.07742 27.9618 0.767387 27.0572 0.1322 35.2211 30.8614 0.740442 24.5438 5.57217 54.5215
9260605440 0 14.2085 9.78803 12.8247 7.14527 27.157 0.676818 26.4696 0.00515008 39.4215 30.087 0.644349 24.3326 5.10508 54.002
9260947456 0 12.8599 8.30698 11.4902 1.95493 30.0059 1.41035 28.1821 0.408433 46.4517 33.5827 1.39187 27.6518 4.53408 197.384
9260462080 0 13.7141 10.7445 12.185 7.11016 28.1356 0.582814 27.3554 0.192353 35.9117 31.6661 0.578948 27.0673 4.01468 54.2678
9261033472 0 13.927 10.2781 12.6909 6.81388 27.7071 1.23708 26.4604 0.00468848 37.5435 30.4057 1.21974 24.7738 4.40711 56.6309
9261000704 0 13.9278 10.1438 12.5722 7.06653 27.7054 1.89026 25.8053 0.00476548 38.0404 30.6928 2.32533 24.5531 3.80927 54.606
9261158400 0 13.6933 4.28078 12.294 6.77338 28.1803 1.51396 26.5753 0.0858657 90.1429 31.3879 1.78748 24.4847 5.11065 56.9703
9261142016 0 14.0463 11.8666 12.7256 6.77899 27.4721 0.813066 26.6489 0.00501072 32.5183 30.3233 1.5169 24.3246 4.47664 56.9231
9261015040 0 14.4712 11.3457 12.8408 6.93799 26.665 1.02866 25.2802 0.351047 34.0109 30.0508 1.04675 23.9622 5.03677 55.6178
9260961792 0 14.34 9.46544 12.7539 6.77737 26.9088 0.244605 26.5346 0.124708 40.7665 30.2553 0.244445 25.339 4.66666 56.9355
9261129728 0 13.9149 9.06846 12.6495 6.72483 27.7315 1.95803 25.7638 0.00476232 42.5519 30.5056 2.14716 24.1634 4.19013 57.3815
9261248512 0 13.7378 7.02378 12.663 6.73816 28.0893 1.65551 26.4241 0.00481364 54.9398 30.4735 1.31264 25.0095 4.14638 57.2687
9260791808 0 13.8636 10.6094 12.034 6.60393 27.833 0.685261 26.5146 0.628131 36.3703 32.0648 0.700223 25.9671 5.39235 58.4298
9261201408 0 14.4216 8.61232 12.8125 6.73665 26.7573 0.924052 25.424 0.40416 44.806 30.1177 1.06898 24.4509 4.59272 57.2812
9261430784 0 11.3969 10.0895 11.9687 6.95511 33.8595 1.32615 32.5234 0.00482004 38.247 32.2418 1.12052 26.7916 4.3246 55.4833
9260838912 0 14.1158 4.18475 12.7475 7.09867 27.336 0.662433 26.6101 0.058311 92.2083 30.27 0.658328 24.111 5.49575 54.3578
9260713984 0 13.9903 13.2486 12.7114 6.87136 27.5807 0.887436 26.4812 0.207064 29.1248 30.3557 0.899227 24.1148 5.3367 56.1552
9261346816 0 7.92228 9.11953 12.2747 6.67661 48.7094 1.2637 46.9086 0.532133 42.3146 31.4377 1.24099 24.7038 5.48796 57.7972
9261522944 0 14.4227 9.88113 12.8639 6.86267 26.7562 0.812447 25.6545 0.284311 39.0539 29.9985 1.06944 24.5425 4.38166 56.2313
9260896256 0 13.9394 10.4554 12.5883 7.44502 27.682 1.17344 25.2169 1.28668 36.9065 30.6532 0.285596 25.841 4.52157 51.8294
9260947456 0 13.7002 5.52394 12.7783 6.84603 28.1655 0.168868 27.8408 0.150892 69.8546 30.1976 0.163173 24.1387 5.89069 56.3645
9261488128 0 14.0309 8.16767 12.75 6.98336 27.5033 1.19673 26.2382 0.063421 47.2467 30.2663 1.14903 24.9183 4.19404 55.2592
9261008896 0 14.0275 10.6101 12.6439 6.96913 27.5085 0.572748 26.6544 0.276352 36.3686 30.5187 0.537245 24.9284 5.04747 55.3692
9261410304 0 13.2354 2.27906 12.5509 7.10402 29.1561 0.874131 26.829 1.44799 169.321 30.7462 0.871443 25.8182 4.05167 54.3202
9260716032 0 13.589 6.59568 12.0573 6.59595 28.3953 0.93122 27.1989 0.260179 58.5024 32.0024 0.971094 26.2124 4.8139 58.5
9261068288 0 14.2348 9.62489 12.5367 7.14147 27.1082 0.417 26.6811 0.0050332 40.0917 30.7799 0.44287 25.8308 4.50089 54.0334
9261289472 0 5.88344 10.9421 12.5969 3.66956 65.5887 1.98233 63.1702 0.431199 35.2664 30.6334 2.04014 23.9076 4.68072 105.159
9261512704 0 13.7899 8.39383 12.8681 6.86107 27.9841 1.06545 26.5867 0.326934 45.9738 29.9885 1.11933 24.2931 4.57099 56.2443
9261455360 0 13.4642 6.92844 12.3574 6.85674 28.6608 0.851097 27.7034 0.101294 55.6971 31.2278 1.1591 26.096 3.96775 56.2795
9261408256 0 13.6045 11.6376 12.0307 5.97738 28.365 0.936461 26.9192 0.504338 33.159 32.0756 0.929794 26.3928 4.74808 64.5587
9261494272 0 13.7385 9.69879 5.90827 6.89757 28.0886 0.672357 27.4067 0.00465812 39.788 65.3145 0.639021 60.1199 4.55055 55.9466
9260922880 0 14.4195 7.05668 13.0242 6.33092 26.7603 1.25183 25.4074 0.096182 54.6817 29.6273 1.47873 24.2901 3.85344 60.9504
9261512704 0 13.7844 10.1064 12.0868 6.30181 27.9952 0.382574 27.3536 0.254066 38.1833 31.927 0.369939 25.6059 5.94606 61.2358
9261107200 0 14.1591 3.69168 3.88269 6.68848 27.2531 0.831299 26.2024 0.214286 104.527 99.3846 0.962056 71.7989 26.6187 57.6931
9261320192 0 14.2179 11.7124 12.4366 6.66686 27.141 1.35932 25.7715 0.0052286 32.9471 31.0285 1.32884 24.2356 5.45882 57.8815
9261422592 0 14.3579 10.3214 6.37848 6.84299 26.8768 0.887262 25.2435 0.740897 37.3876 60.4992 0.890136 39.7735 19.8305 56.3924
9260738560 0 6.15567 10.1706 12.6805 7.11612 62.6844 6.27479 56.3994 0.00517908 37.9391 30.4297 0.937642 24.1848 5.30227 54.2239
9260814336 0 13.8447 8.08454 12.4512 6.61554 27.8711 0.956206 26.5828 0.327131 47.729 30.9903 0.98768 25.6315 4.36624 58.3274
9260607488 0 13.9079 10.239 12.0777 6.56754 27.7438 0.996133 26.3908 0.351871 37.6852 31.948 0.938647 25.4854 5.51888 58.7524
9260828672 0 14.4755 11.0779 13.0275 7.08702 26.6566 0.483291 26.1636 0.004719 34.8323 29.6194 0.463256 23.7232 5.42752 54.4472
9261043712 0 11.346 11.81 12.1181 7.024 34.01 1.02439 32.9759 0.0046982 32.6737 31.843 0.791592 26.9044 4.14181 54.9369
9260859392 0 13.7977 10.6796 12.1539 6.61229 27.9663 0.718466 27.0161 0.226791 36.1313 31.7485 0.708034 26.2625 4.77304 58.3564
9261123584 0 13.7174 7.89607 12.7129 6.80975 28.1307 1.97488 25.6883 0.462556 48.8699 30.3534 1.63122 24.2763 4.44091 56.6659
