145111040 0.8 7.26377 10.1121 8.3945 3.29016 0.832391 0.0389012 0.756258 0.0322593 0.597927 0.720268 0.0303365 0.445207 0.239799 1.83769
144756736 0.8 8.12928 5.90417 8.58776 2.65693 0.741952 0.111586 0.620066 0.00499956 1.02157 0.702341 0.0906489 0.384424 0.22246 2.27011
289914880 0.8 9.1429 8.84437 9.29166 3.66991 1.32122 0.0956965 1.19853 0.0219974 1.36582 1.30007 0.0909646 0.926613 0.277563 3.29157
289652736 0.8 8.92246 9.27771 9.9623 4.01647 1.35264 0.169482 1.07114 0.106955 1.30084 1.21145 0.181812 0.799107 0.22561 3.00485
579006464 0.8 10.0079 9.88765 9.92889 4.0864 2.41062 0.275626 2.10331 0.0264107 2.43994 2.42981 0.118739 1.71894 0.587183 5.90379
578885632 0.8 11.0715 9.58929 10.4703 4.11522 2.17859 0.154238 2.01369 0.00545924 2.51533 2.30368 0.228887 1.65014 0.41969 5.86123
1157992448 0.8 11.932 9.57388 11.2523 4.09113 4.04373 0.239772 3.79414 0.00477984 5.03972 4.28798 0.354455 3.03353 0.894969 11.7937
1158066176 0.8 10.4746 9.10987 10.0127 4.13729 4.60663 0.361865 4.17639 0.0633842 5.29676 4.81917 0.350157 3.25058 1.21348 11.6629
2315515904 0.8 11.8135 9.24267 10.9769 4.20054 8.16691 0.899303 7.06964 0.192883 10.4385 8.78932 0.770527 6.33677 1.67696 22.9684
2315513856 0.8 12.7744 7.87418 11.5469 4.63343 7.55261 0.813905 6.58848 0.145228 12.2527 8.35543 0.796438 5.776 1.77802 20.8225
4630644736 0.8 12.7803 10.6809 11.1251 4.55797 15.0969 0.622477 14.2924 0.177031 18.0643 17.3431 1.0192 12.5859 3.73295 42.331
4630779904 0.8 13.078 9.41938 10.9109 4.58639 14.7537 0.464415 13.8272 0.457122 20.4843 17.684 1.86126 12.8669 2.95043 42.0699
9261572096 0.8 11.7471 7.07001 10.0017 3.87877 32.8505 1.29188 31.3906 0.16297 54.5825 38.5833 2.87251 28.0522 7.65351 99.4899
9261305856 0.8 11.7687 9.54888 10.4865 4.27546 32.7894 3.20885 29.3827 0.192792 40.4118 36.7984 3.33075 27.0415 6.42116 90.2564
18522486784 0.8 11.8934 6.34013 10.1885 4.42116 64.8908 3.2584 61.6227 0.00467408 121.728 75.7492 3.95399 56.1872 15.603 174.563
18522460160 0.8 12.2973 9.72209 9.84397 4.70674 62.7593 4.96989 57.0229 0.761555 79.383 78.4002 7.68791 59.6312 11.0759 163.971
37044178944 0.8 11.8443 7.78451 9.92111 4.52894 130.316 8.77053 121.535 0.00512928 198.279 155.578 14.0695 116.003 25.5001 340.81
37044670464 0.8 13.4127 8.38173 10.8349 4.93004 115.08 9.45715 100.153 5.46395 184.154 142.459 9.99344 100.422 32.0395 313.086
74088585216 0.8 12.5943 9.68299 10.6274 4.60414 245.113 15.3304 220.553 9.22364 318.809 290.479 15.1123 222.437 52.924 670.489
74088624128 0.8 12.9028 9.53867 11.0106 4.85644 239.252 17.7799 203.611 17.8558 323.633 280.37 22.4667 199.85 58.0476 635.656
148176666624 0.8 12.1635 7.98271 10.136 4.56322 507.587 40.4573 467.118 0.0052676 773.425 609.12 54.0005 444.04 111.075 1353
148176592896 0.8 13.3697 8.5104 11.2936 4.57221 461.791 51.7287 410.052 0.0047912 725.468 546.684 38.6465 384.062 123.97 1350.34
