9261246464 0.1 13.3561 7.64617 12.485 6.9176 28.8921 0.418269 26.9222 1.5467 50.4678 30.9079 0.404033 26.219 4.27986 55.7831
9260656640 0.1 14.1851 10.3193 12.5167 6.56337 27.2019 0.914648 26.1847 0.0974861 37.3922 30.8277 1.17867 24.8782 4.76587 58.79
9261000704 0.2 13.8015 9.70909 12.3131 6.62152 27.9589 0.783659 27.1656 0.00470776 39.7437 31.3386 0.771139 24.3662 6.19639 58.2759
9261541376 0.2 13.3075 10.3133 11.9003 6.17826 28.9986 2.9649 26.0239 0.00482156 37.4173 32.4274 2.93933 25.1159 4.367 62.4606
9261469696 0.3 12.9608 8.26633 11.8265 6.05783 29.7739 2.04688 27.0826 0.639322 46.6827 32.6295 1.1197 26.0984 5.40641 63.7018
9260742656 0.3 13.5856 8.15841 12.0354 6.25203 28.4025 0.911036 27.3749 0.11147 47.2965 32.0607 0.73336 27.1172 4.20512 61.7183
9260828672 0.4 13.4312 11.228 11.7295 5.90258 28.7293 0.824297 27.4614 0.43855 34.3666 32.8972 0.819549 25.1605 6.91221 65.3727
9261129728 0.4 13.5427 10.8424 11.7908 5.77943 28.4935 1.71915 26.7637 0.0051084 35.59 32.7271 1.76184 25.8212 5.13902 66.7679
9261090816 0.5 13.0091 10.6868 11.4325 5.73544 29.6623 0.923555 28.2796 0.454122 36.108 33.7529 1.6356 27.171 4.9413 67.2798
9261123584 0.5 12.4812 7.52747 11.2459 5.47266 30.9169 1.92106 28.9861 0.00471264 51.2629 34.313 1.97343 25.5324 6.80202 70.5105
9261131776 0.6 12.8754 10.9393 11.179 5.09896 29.9703 0.871141 28.811 0.283065 35.2747 34.5182 0.659666 25.7822 8.07113 75.6783
9261287424 0.6 12.8144 10.9844 11.4894 5.27871 30.1135 1.34695 28.7568 0.00470624 35.1306 33.5862 1.40429 26.3075 5.86947 73.1025
9261340672 0.7 11.7495 9.50139 10.3101 5.06352 32.843 0.971722 31.4906 0.375751 40.614 37.4284 0.619076 25.7316 11.0728 76.2096
9261019136 0.7 12.1215 8.38477 10.2505 4.95841 31.834 4.20577 27.6177 0.00513244 46.021 37.6444 4.8889 27.9213 4.82926 77.8225
9261152256 0.8 11.5396 9.12221 9.63593 4.08998 33.4398 1.33581 32.0942 0.0046742 42.3013 40.0461 2.09458 30.3775 7.56898 94.3479
9261428736 0.8 13.3294 6.41632 11.4687 4.41304 28.9505 2.67768 26.1478 0.119941 60.1424 33.6473 3.16598 24.3963 6.08 87.4437
9261666304 0.9 11.3796 8.51878 9.94663 4.05291 33.9118 1.27484 32.6273 0.00468868 45.3002 38.7973 1.17276 29.3735 8.2461 95.2163
9261250560 0.9 10.9975 9.02976 9.56402 3.91653 35.0884 1.61675 31.4188 2.04775 42.7349 40.3476 1.8495 31.2554 7.23778 98.5273
9261283328 0.95 12.0147 8.36016 9.48572 3.72725 32.1178 5.44465 26.6633 0.00480232 46.1578 40.6808 5.20809 26.031 9.43674 103.531
9261271040 0.95 11.6841 7.99118 10.033 3.67535 33.0265 3.67253 29.3442 0.00471904 48.289 38.4618 4.398 24.4947 9.5641 104.993
9261529088 0.99 11.4828 9.05921 9.93255 3.52056 33.6064 3.29422 30.2405 0.0667941 42.5972 38.8518 4.03755 25.2611 9.54819 109.612
9261518848 0.99 11.5724 7.21477 9.16409 3.4087 33.3463 2.07694 30.2549 1.00929 53.487 42.1096 1.9598 28.3351 11.8098 113.209
