9260957696 0.1 13.2867 9.79999 12.1171 6.53356 29.042 1.81585 27.2164 0.00472704 39.3749 31.8453 1.72996 24.452 5.6583 59.0602
9261512704 0.1 13.6426 11.5305 12.2065 6.8104 28.2861 1.52536 26.751 0.00479924 33.4675 31.614 1.46813 25.6745 4.4665 56.6628
9261150208 0.1 14.1534 11.095 12.6295 6.77789 27.2642 0.357203 26.8972 0.0047126 34.7796 30.5541 0.342905 25.5261 4.67998 56.9324
9260986368 0.1 14.4747 10.3128 13.1028 6.44605 26.6585 1.42964 25.2192 0.0046726 37.4169 29.4499 1.53203 23.5479 4.36492 59.8621
9261230080 0.1 13.9702 9.10344 12.3296 6.36509 27.6219 1.36532 25.7752 0.476421 42.3889 31.2974 2.75509 24.5847 3.95271 60.6251
9261520896 0.1 13.0016 4.2143 11.9872 6.61813 29.6807 2.2694 25.7588 1.64729 91.5683 32.1924 2.18792 25.8119 4.18768 58.3091
9261236224 0.1 13.7769 1.12826 12.4495 6.70558 28.0095 0.577514 27.1455 0.281607 342.019 30.9961 0.580968 24.7245 5.68568 57.5468
9261240320 0.1 13.9272 11.1691 12.7417 6.64637 27.7074 0.965687 25.283 1.45323 34.5495 30.2853 1.41199 24.4007 4.46754 58.0595
9260990464 0.1 14.0015 10.7315 12.5226 6.24878 27.5595 0.3975 27.1523 0.00470144 35.9572 30.8143 0.332395 24.8788 5.59809 61.752
9260763136 0.1 12.8386 8.60204 11.7358 6.42609 30.0552 0.919612 26.7777 2.3528 44.8574 32.8794 0.947258 26.1793 5.74792 60.0466
9261488128 0.1 13.8738 9.21764 12.6476 6.91656 27.8147 0.929383 26.8757 0.00471424 41.8649 30.5114 1.2893 24.4268 4.7899 55.793
9260546048 0.1 13.775 11.1745 12.3764 6.35536 28.0114 1.07551 26.907 0.0239796 34.53 31.1769 1.07069 24.9844 5.11689 60.7135
9261176832 0.1 14.3133 11.1806 12.7805 6.70191 26.9598 1.80343 24.9842 0.167196 34.5137 30.1931 1.10584 24.9457 4.13667 57.578
9260982272 0.1 14.1883 9.80499 13.0807 6.7621 27.1967 1.03508 25.6736 0.483015 39.3549 29.4996 0.963586 23.4726 5.05844 57.0643
9260582912 0.1 14.6766 2.81576 13.1377 6.68551 26.2906 1.15567 24.9015 0.228471 137.035 29.3702 1.79674 22.4694 5.09904 57.7155
9261373440 0.1 13.7053 10.3269 12.5646 6.22256 28.1562 1.89125 26.1548 0.105152 37.3676 30.7125 1.00077 25.1856 4.52113 62.0148
9260963840 0.1 13.9275 10.3793 12.4192 6.52891 27.7058 1.51193 25.7801 0.408852 37.1774 31.0706 0.617615 25.5908 4.85728 59.1023
9261021184 0.1 13.8747 10.2503 12.2211 6.39751 27.8115 1.54762 25.6375 0.621319 37.6453 31.5747 1.65446 24.8102 5.1049 60.3166
9261101056 0.1 13.137 11.7136 11.8116 6.62391 29.3734 1.08721 28.2758 0.00513564 32.9428 32.6694 0.485507 25.4001 6.77886 58.2555
9261320192 0.1 13.5001 10.6192 12.3186 6.32077 28.5842 1.03846 27.2649 0.275921 36.3388 31.3256 1.05853 25.5849 4.67711 61.0509
9260734464 0.1 13.1147 12.3664 12.1853 6.63345 29.4223 2.50525 26.9074 0.00474148 31.2026 31.6664 2.19723 25.3391 4.12495 58.1694
9261486080 0.1 14.5353 8.5231 12.703 6.53161 26.5488 0.792169 25.7469 0.0047142 45.2764 30.3783 0.775754 24.6788 4.91859 59.0812
9261580288 0.1 13.2875 9.03116 12.1152 6.23247 29.0424 0.553897 28.4788 0.00474304 42.7298 31.8526 0.625248 27.2568 3.96557 61.9175
9260939264 0.1 13.2724 10.7269 12.0027 6.50243 29.0733 1.7627 25.9408 1.36481 35.9724 32.1488 1.75699 26.0577 4.32885 59.3428
9260677120 0.1 13.3789 7.68254 12.2228 6.47792 28.8411 0.975718 27.8558 0.00468852 50.2257 31.5689 0.959335 26.2643 4.34036 59.5657
9261512704 0.1 13.6728 7.51209 12.3602 6.49959 28.2236 1.08719 26.6526 0.478777 51.37 31.2209 0.76426 25.8071 4.64436 59.3724
9260802048 0.1 13.0984 10.7866 12.3732 6.52111 29.459 0.506202 26.9567 1.99112 35.7728 31.1858 0.507673 25.5808 5.09227 59.172
9261221888 0.1 14.1166 10.2128 12.3789 6.65357 27.3355 1.08474 26.241 0.00474948 37.7843 31.1727 1.07466 24.0391 6.054 57.9966
9261094912 0.1 13.752 9.55914 12.5658 6.67522 28.0597 0.617659 27.4324 0.00473356 40.3676 30.7086 0.620513 25.0393 5.04386 57.8077
9260728320 0.1 13.8586 9.06446 12.6411 6.87496 27.8429 1.39395 26.3626 0.08144 42.5688 30.5246 1.69115 24.4177 4.4108 56.1259
9261422592 0.1 13.3005 10.6066 12.6304 7.14025 29.0133 2.80321 26.1997 0.00498348 36.3824 30.5526 2.77196 23.6271 4.14852 54.0447
9260742656 0.1 13.4759 8.55399 12.4337 6.48089 28.6337 0.733993 27.89 0.00469504 45.1093 31.0337 0.948179 24.4451 5.6354 59.5388
9261213696 0.1 13.002 4.21737 12.1867 6.91648 29.6787 3.19953 26.3018 0.172326 91.4988 31.6644 2.87934 24.3339 4.44616 55.7919
9260826624 0.1 13.9814 9.13055 12.1257 6.20419 27.5986 0.325383 27.2634 0.00480236 42.2612 31.8223 0.308222 26.8276 4.68153 62.1947
9260566528 0.1 13.8498 10.2078 12.6645 6.55475 27.8601 0.907426 26.9428 0.00476708 37.8003 30.4677 0.885342 25.0486 4.5288 58.8667
9260654592 0.1 13.3178 10.9731 12.3404 6.5347 28.9733 1.02861 27.9349 0.00487772 35.1644 31.268 1.01582 25.0891 5.15805 59.0479
9261385728 0.1 13.9696 8.63445 12.4637 6.73642 27.6236 1.16762 25.9579 0.493081 44.692 30.9611 1.66813 24.9631 4.32494 57.2843
9261150208 0.1 13.3946 5.76588 12.3294 6.4844 28.8086 0.567943 28.1174 0.118261 66.9249 31.2976 0.528007 26.3348 4.4298 59.5092
9260689408 0.1 14.4395 9.59604 12.5801 6.68418 26.7227 0.743013 25.5715 0.403113 40.2105 30.6725 0.656339 24.1945 5.81639 57.7277
9261551616 0.1 13.4284 11.1368 11.4425 6.27453 28.7374 1.27191 27.2503 0.210093 34.6507 33.7249 1.15152 25.9053 6.66254 61.5023
9260658688 0.2 13.2574 10.3265 11.643 6.34894 29.1053 2.58267 25.7282 0.789296 37.366 33.1411 2.65473 25.3295 5.15184 60.7756
9260949504 0.2 12.9825 11.0596 12.1662 6.29107 29.7226 1.23984 27.6993 0.77844 34.8905 31.7167 0.929361 25.9808 4.80142 61.3366
9260877824 0.2 13.8703 9.09011 12.1735 6.45353 27.8198 1.12072 26.3233 0.370816 42.4494 31.6976 1.10103 25.6997 4.89195 59.7921
9260658688 0.2 14.1989 8.50542 12.5112 6.2353 27.1754 0.813987 25.1469 1.20952 45.3665 30.8412 0.782789 24.9769 5.07658 61.8832
9260976128 0.2 13.5424 10.1332 11.943 6.18877 28.4937 0.521679 27.546 0.421115 38.0801 32.3096 0.775028 26.3471 5.18243 62.3507
9261453312 0.2 14.0927 11.6339 12.8795 6.27088 27.3825 1.2635 25.9657 0.148175 33.1698 29.962 1.29492 22.8697 5.79231 61.5375
9261082624 0.2 14.3525 10.6883 12.5996 6.56946 26.8857 0.947354 25.9287 0.0047094 36.1027 30.6263 0.945084 24.5103 5.16597 58.7382
9261551616 0.2 12.8072 10.8746 11.6808 6.65947 30.1314 1.47906 28.6426 0.0047078 35.4862 33.0369 1.45598 26.8729 4.70303 57.9473
9260910592 0.2 13.1683 3.40895 12.0612 6.33584 29.303 1.50048 26.6666 1.13064 113.194 31.9927 1.15813 25.6275 5.20215 60.9029
9261406208 0.2 13.7348 12.0189 11.392 6.39359 28.0959 0.190673 27.8955 0.0046966 32.1071 33.8738 0.180498 25.0592 8.62901 60.3561
9261449216 0.2 14.0399 10.3612 12.3251 6.20174 27.4856 0.629769 26.5207 0.330125 37.2443 31.3095 0.637888 26.0775 4.58907 62.2235
9260812288 0.2 13.511 2.88749 12.1553 6.55719 28.5596 1.19571 27.1189 0.240004 133.634 31.7449 1.24805 25.2303 5.26162 58.8464
9260754944 0.2 13.3267 11.8071 12.0584 6.43232 28.9543 0.952817 27.9918 0.00473192 32.6808 31.9996 1.07904 25.5339 5.38159 59.9884
9261535232 0.2 13.4718 11.1419 11.8096 6.13392 28.6448 0.276238 28.3589 0.00469172 34.6347 32.6767 0.256248 27.4187 4.99663 62.912
9260929024 0.2 13.8385 8.14978 12.7046 6.44269 27.884 0.868952 26.8136 0.196315 47.3475 30.3726 0.944156 23.9327 5.49079 59.893
9261545472 0.2 14.3119 6.23716 12.6581 6.59066 26.9634 1.40499 25.3626 0.190821 61.8707 30.4862 1.77612 24.8151 3.89005 58.5522
9261541376 0.2 13.462 10.8483 12.5552 6.30172 28.6656 1.14787 27.5078 0.00470624 35.5722 30.736 0.878032 24.1189 5.73403 61.2369
9260767232 0.2 13.6703 10.0766 12.3293 6.27338 28.2265 2.39037 25.8264 0.0047094 38.2933 31.2966 2.48747 24.7437 4.06032 61.5084
9260836864 0.2 13.5137 1.11018 12.4346 6.39026 28.5538 1.60147 26.9425 0.00474944 347.574 31.0317 1.57332 24.508 4.94546 60.3838
9260634112 0.2 13.8294 11.7596 12.2565 6.22199 27.9014 0.883978 27.0076 0.00479272 32.8123 31.4821 0.867521 25.6381 4.97148 62.0155
9260939264 0.2 13.68 7.02579 12.2231 5.92315 28.207 0.952682 26.6724 0.577022 54.9223 31.5692 0.54838 25.9984 5.0173 65.1465
9261162496 0.2 13.1677 7.98812 12.0741 6.27892 29.3052 0.469052 28.8265 0.00469508 48.3069 31.9595 0.458976 26.4436 5.05182 61.4567
9261176832 0.2 13.9632 10.8299 12.2568 6.75825 27.6358 0.180003 27.4458 0.00482968 35.6311 31.4832 0.164306 25.6245 5.68934 57.098
9261338624 0.2 14.3899 10.3725 12.9756 6.49459 26.8167 0.892324 25.7889 0.130358 37.203 29.7397 0.883736 23.8548 4.99601 59.417
9261162496 0.2 13.8281 10.8286 12.6755 6.35286 27.9056 1.28418 26.6116 0.00479588 35.6353 30.4431 1.30422 23.7438 5.38993 60.7415
9261549568 0.2 13.3734 7.18327 12.3654 6.67959 28.8557 0.740992 27.74 0.369508 53.7217 31.2079 0.731583 25.7747 4.69667 57.7727
9260660736 0.2 14.4818 7.45469 13.008 6.74298 26.6446 0.731846 25.8632 0.0444983 51.7608 29.6633 0.749743 24.5333 4.37535 57.2241
9261334528 0.2 13.3641 9.89332 11.8837 6.44534 28.875 1.31246 27.5522 0.00502344 39.005 32.4721 1.52225 25.8521 5.09255 59.871
9261148160 0.2 14.3462 10.544 12.5677 6.59106 26.8978 1.48211 25.1427 0.267944 36.5971 30.7042 1.43095 24.7909 4.47738 58.5461
9260599296 0.2 13.7056 8.33005 12.3511 6.80824 28.1534 0.185871 26.0123 1.94999 46.3213 31.2407 0.165783 25.4249 5.64507 56.6752
9261365248 0.2 13.5378 10.8718 12.3572 6.56935 28.5047 1.67314 26.8218 0.00471584 35.4946 31.2281 1.81266 24.7757 4.63445 58.741
9261457408 0.2 13.0721 10.0548 11.9402 6.0957 29.5204 1.25741 28.1154 0.142645 38.3793 32.319 1.372 25.6108 5.33123 63.306
9260847104 0.2 13.6468 9.29704 12.5159 6.287 28.2754 1.55967 24.6237 2.08696 41.5045 30.8304 1.52008 24.8482 4.45713 61.3756
9260816384 0.2 13.1316 9.1928 12.0409 5.87942 29.3847 1.15535 27.9008 0.323539 41.975 32.0465 1.16402 26.5286 4.34886 65.6302
9260984320 0.2 13.5438 12.1657 12.1063 6.6731 28.4909 0.313876 28.1671 0.00478148 31.7183 31.8737 0.300689 25.8131 5.75493 57.8254
9261295616 0.2 13.5761 11.1375 12.2315 6.24951 28.424 0.341152 28.0731 0.00475748 34.6477 31.5485 0.272948 25.6541 5.61661 61.7469
9261035520 0.2 14.3733 11.4192 12.6147 6.11783 26.8468 0.745269 25.6463 0.450185 33.7918 30.5894 0.765582 23.9386 5.87959 63.074
9261373440 0.2 14.5853 11.7136 12.7554 6.44393 26.4575 1.17177 25.0987 0.182105 32.9438 30.2531 1.12078 23.5579 5.56938 59.8843
9261039616 0.2 13.0422 11.4499 12.1159 6.37923 29.5868 1.71628 27.7968 0.0687346 33.7012 31.8487 1.40501 25.169 5.26975 60.4895
9260709888 0.2 13.9008 8.87802 12.2233 5.89488 27.7582 0.866456 26.8808 0.00535028 43.4627 31.5678 0.998483 26.1042 4.46019 65.4573
9260816384 0.3 13.198 11.2042 12.113 5.99018 29.2369 1.20401 27.9604 0.0674702 34.4396 31.8557 1.11229 25.2775 5.46096 64.4166
9260808192 0.3 14.0958 11.2226 12.8972 6.43834 27.3746 1.00653 26.1899 0.173186 34.383 29.9186 1.06951 22.6181 6.22598 59.9326
9260935168 0.3 14.0159 3.68876 12.3184 5.85875 27.531 1.22347 26.2815 0.020743 104.607 31.3249 1.5817 25.2496 4.48867 65.8626
9260871680 0.3 13.8222 11.124 12.1504 5.93707 27.9167 1.19677 25.9045 0.810382 34.6881 31.7578 1.14415 25.4952 5.11348 64.9932
9261348864 0.3 13.6146 9.75871 12.1148 6.51665 28.3438 1.52542 26.5913 0.222127 39.5431 31.8526 1.2605 25.7395 4.84769 59.2159
9260779520 0.3 13.5907 11.5135 11.5497 6.35288 28.392 2.08487 26.2974 0.00471744 33.5143 33.4091 2.09301 25.5344 5.77652 60.7388
9260853248 0.3 13.3044 9.20269 11.7584 6.19013 29.0032 2.04375 26.5525 0.401949 41.93 32.8164 2.0323 24.9985 5.78051 62.3362
9261154304 0.3 13.2631 11.8179 11.7985 5.68349 29.0944 1.14181 26.572 1.37558 32.6524 32.706 1.13632 26.0884 5.47639 67.8952
9261293568 0.3 14.293 10.4913 12.7777 6.05562 26.9984 1.25942 24.6616 1.07241 36.7815 30.2001 1.37691 24.173 4.64515 63.7239
9261453312 0.3 13.8386 10.3927 11.9578 5.89343 27.8853 1.25519 26.1812 0.443974 37.1313 32.2713 1.51562 26.7355 4.01515 65.4787
9260685312 0.3 13.1022 7.59314 11.7015 6.08177 29.4502 0.571972 28.4011 0.472106 50.8172 32.9754 0.561707 26.5358 5.87281 63.4457
9260738560 0.3 14.3887 7.58358 12.4832 5.90706 26.8171 2.26108 24.4557 0.0953791 50.8815 30.9106 2.17121 24.3222 4.41209 65.3225
9261033472 0.3 13.7137 10.4355 12.0681 6.37682 28.138 1.45372 26.6745 0.00476068 36.9773 31.975 1.01056 25.1279 5.83155 60.5123
9261080576 0.3 13.0647 10.5935 11.4942 6.41465 29.5359 1.12473 27.5679 0.838119 36.4259 33.5715 0.784284 26.7475 6.03472 60.1558
9260720128 0.3 13.3694 10.8237 11.3943 6.62348 28.8618 1.95997 26.892 0.00486008 35.6499 33.8646 2.30596 26.3858 5.16773 58.2569
9261524992 0.3 13.1294 8.28144 11.7072 6.058 29.3919 0.469368 28.9116 0.00530708 46.5978 32.9623 0.462823 27.3622 5.13229 63.7004
9261471744 0.3 13.1747 9.05219 11.7955 5.99835 29.2907 1.16755 27.9611 0.156997 42.63 32.7155 1.17362 24.5662 6.97067 64.3335
9260834816 0.3 13.673 8.86553 12.108 6.09463 28.2212 0.645105 27.5649 0.0056132 43.5246 31.8689 0.592909 26.2821 4.98906 63.3128
9261199360 0.3 12.6327 6.65504 11.3817 6.22968 30.5464 1.69082 27.9931 0.857505 57.9836 33.9039 1.74346 26.8075 5.34765 61.9427
9261309952 0.3 14.2096 3.06267 12.4673 6.33994 27.1568 0.978317 25.9135 0.26007 125.997 30.952 0.978505 24.9541 5.01441 60.8662
9261385728 0.3 13.0119 10.059 11.9193 5.87632 29.6567 0.227092 29.4199 0.00468216 38.3626 32.3754 0.210101 26.8159 5.34439 65.6688
9261185024 0.3 13.4881 11.3982 12.6237 6.73621 28.6091 1.04953 27.3281 0.226427 33.8546 30.5681 1.06509 24.1789 5.31915 57.2848
9261285376 0.3 13.5412 11.3887 12.0341 5.92418 28.4973 0.909634 27.0347 0.548005 33.8834 32.066 0.903078 26.1816 4.97638 65.1376
9261250560 0.3 13.1767 8.24263 11.4797 6.07272 29.2855 0.427087 28.3626 0.490878 46.8158 33.6145 0.361645 28.0428 5.2051 63.544
9261385728 0.3 13.7401 8.55198 11.9977 6.01529 28.0851 1.41167 26.3792 0.289302 45.123 32.1637 1.25898 24.9733 5.92649 64.1517
9260685312 0.3 12.6756 11.5011 11.4756 6.11688 30.4413 0.827027 29.6046 0.00465172 33.55 33.6245 1.55997 28.2646 3.79493 63.0815
9260918784 0.3 14.2625 6.57392 12.4473 5.79002 27.0549 1.58644 25.4232 0.0402664 58.6974 31.0005 1.63882 24.3567 5.00006 66.6442
9260853248 0.3 13.5021 11.0725 11.8672 6.128 28.5785 0.907097 26.6797 0.986704 34.8491 32.5155 0.810515 25.9676 5.73244 62.9681
9261533184 0.3 14.4218 10.7289 12.5471 5.92203 26.758 0.998937 25.7491 0.00483596 35.9681 30.7559 0.97555 22.8803 6.89505 65.163
9260763136 0.3 13.4344 8.00064 11.7294 6.44763 28.7221 0.754925 27.45 0.512126 48.2293 32.8972 0.672142 26.8667 5.35306 59.8461
9261418496 0.3 13.2404 8.55094 11.8988 6.11769 29.1451 1.14739 27.9879 0.0047494 45.1286 32.4312 0.727923 25.062 6.6362 63.0782
9261451264 0.3 13.1468 5.57412 11.4901 6.30093 29.3527 2.42762 26.5815 0.338579 69.2295 33.5849 2.40254 24.557 6.62043 61.2439
9261039616 0.3 13.9479 11.433 12.3398 6.04532 27.6656 2.14598 25.5089 0.0051902 33.7512 31.2708 1.64024 25.1419 4.48354 63.8306
9260937216 0.3 14.0019 11.556 12.2576 6.61095 27.5586 1.83596 25.618 0.0997039 33.3916 31.4802 1.8715 25.2447 4.35906 58.3686
9261133824 0.3 13.3494 8.0705 12.2284 5.90362 28.9063 1.44829 25.4473 2.00567 47.8137 31.5562 1.42678 25.0754 5.04895 65.3633
9261053952 0.3 13.866 12.6003 12.7698 6.18965 27.829 0.186366 27.633 0.004735 30.6245 30.2179 0.259265 25.0408 4.91277 62.3423
9261365248 0.3 14.0873 6.0665 12.4484 5.97489 27.3928 0.829971 26.0362 0.521617 63.61 30.9991 1.29627 25.1872 4.51065 64.5853
9261017088 0.3 13.4819 11.8753 12.0512 6.56102 28.6217 1.08718 27.5246 0.00476068 32.494 32.0196 1.07885 24.3456 6.59019 58.8134
9260828672 0.3 13.1328 10.3817 11.6865 5.49596 29.3821 1.27384 27.3966 0.706633 37.1681 33.0184 1.26765 26.5599 5.18569 70.2094
9260929024 0.3 13.3302 8.15851 11.8658 6.00497 28.9473 1.47048 27.466 0.00519332 47.2969 32.5196 1.5074 26.1727 4.8346 64.2588
9261391872 0.4 13.9202 10.1726 12.3688 6.04654 27.7218 1.70622 26.0046 0.00540492 37.9344 31.1988 0.688938 24.8313 5.67349 63.8201
9260654592 0.4 13.5916 8.62109 12.1583 5.81162 28.3896 0.932377 27.4475 0.00467736 44.7578 31.7363 0.873039 24.5468 6.31151 66.3946
9261447168 0.4 13.1263 9.6475 11.6354 5.29258 29.3984 2.26476 26.328 0.800793 39.9993 33.1655 1.94511 24.3288 6.88665 72.9122
9261043712 0.4 13.2448 8.69619 11.2386 5.74358 29.1343 1.18676 27.214 0.728451 44.3731 34.3349 2.37949 25.5824 6.36804 67.184
9261045760 0.4 12.7742 10.1985 11.3728 6.1208 30.2076 1.03837 28.2907 0.873309 37.8368 33.9297 1.00829 26.9591 5.95729 63.0436
9261500416 0.4 13.1088 5.60098 11.7278 5.55967 29.438 0.474622 27.925 1.03336 68.8979 32.9045 0.721496 27.0857 5.09237 69.4098
9261256704 0.4 12.321 10.047 10.8294 5.96819 31.3192 0.986222 29.7309 0.597048 38.4079 35.6333 1.0114 28.508 6.10893 64.6571
9260754944 0.4 12.4516 10.5506 11.4164 6.12408 30.9893 0.781356 30.198 0.0048008 36.5727 33.7992 0.819267 28.308 4.66698 63.0078
9261590528 0.4 14.0838 11.081 12.497 5.97918 27.4002 0.517159 26.51 0.368061 34.8254 30.8793 0.510177 24.8096 5.55454 64.5406
9260953600 0.4 13.3994 6.98566 12.0943 6.10525 28.7979 1.53574 27.2524 0.00471752 55.2379 31.9053 1.42143 24.161 6.31785 63.2035
9261361152 0.4 13.109 11.3598 11.5359 5.83455 29.4371 1.67491 27.7524 0.004852 33.9698 33.4513 1.66945 26.0295 5.74732 66.1387
9261451264 0.4 13.2414 8.52693 11.969 5.74219 29.143 1.18063 27.7225 0.234968 45.2559 32.241 1.22026 24.938 6.07778 67.2033
9261287424 0.4 13.7 8.94429 11.4608 5.90469 28.167 1.06309 25.8986 1.20021 43.1434 33.6702 1.08691 27.3335 5.24479 65.3526
9260818432 0.4 13.5281 11.9745 12.1303 6.29333 28.5233 0.624421 27.8892 0.00465812 32.2241 31.8102 0.615506 24.8417 6.34793 61.3137
9260902400 0.4 13.6203 9.01579 12.106 5.91093 28.3306 0.894182 27.2136 0.217752 42.7995 31.8743 0.741046 25.4636 5.66452 65.281
9261174784 0.4 13.3316 10.2881 11.7804 6.07145 28.945 0.619047 26.3473 1.97355 37.5075 32.7563 1.84409 26.419 4.48825 63.5569
9260969984 0.4 13.6607 6.76994 12.0656 6.09753 28.2469 1.57118 26.5873 0.0829606 56.9981 31.9812 1.59271 24.9029 5.48055 63.2836
9260976128 0.4 13.2338 11.5659 12.0197 5.67476 29.1583 1.77887 26.9974 0.376823 33.3631 32.1036 1.76561 25.015 5.31786 67.9982
9261084672 0.4 13.5174 10.3507 12.0054 6.07764 28.5468 1.03926 27.2552 0.247164 37.2803 32.1422 1.07863 25.0469 6.01175 63.4915
9261113344 0.4 13.7466 11.4575 11.8224 6.03402 28.071 0.339087 27.7222 0.0046902 33.6793 32.6396 0.332555 26.4637 5.83836 63.9507
9261113344 0.4 14.0171 7.48644 12.0956 6.27377 27.5292 1.07826 26.1151 0.330802 51.5438 31.9024 0.838695 25.0827 5.97613 61.5068
9260775424 0.4 13.7317 8.87962 11.681 6.03008 28.1004 1.96628 26.0768 0.0518772 43.4552 33.0337 1.92855 26.0988 5.00104 63.9901
9261430784 0.4 13.5833 10.3274 11.936 5.76199 28.4093 1.65738 26.7021 0.044883 37.3659 32.3302 1.93389 24.77 5.62138 66.9722
9260957696 0.4 12.3052 2.33897 10.9454 5.91322 31.3587 1.75918 29.5889 0.00519176 164.975 35.2544 1.63632 27.4406 6.17245 65.256
9261221888 0.4 13.4898 10.4336 12.0561 6.16042 28.6056 1.73925 25.1946 1.66656 36.9849 32.0074 2.01297 25.7549 4.23463 62.6392
9261137920 0.4 13.2374 10.1205 11.9729 5.88715 29.1508 1.7296 27.3169 0.0993802 38.1286 32.2294 2.05808 24.8601 5.30631 65.5462
9260865536 0.4 14.2532 12.2612 12.4552 6.08711 27.0725 1.24308 25.8196 0.00474636 31.4706 30.9807 1.01247 25.0888 4.87444 63.3912
9261389824 0.4 13.8293 9.1361 12.1785 6.13695 27.904 1.12171 26.7721 0.00504428 42.2381 31.6862 1.46832 25.2481 4.9648 62.88
9260740608 0.4 14.5828 8.50935 12.6956 6.02104 26.4603 0.987808 24.8651 0.602456 45.3459 30.3936 0.987984 24.3345 5.06619 64.0859
9261438976 0.4 13.6854 12.2062 12.2397 6.14945 28.1974 0.553741 27.6339 0.00478312 31.6145 31.5279 0.546893 26.0753 4.90078 62.7525
9261170688 0.4 12.8301 10.3517 11.2923 5.48281 30.0763 0.386994 29.5594 0.124833 37.2773 34.1722 0.500571 25.8116 7.85497 70.3804
9261352960 0.4 13.8302 8.57665 11.9799 6.11307 27.9019 1.17615 26.0815 0.639145 44.9931 32.2114 1.71523 25.3333 5.15771 63.1254
9260769280 0.4 14.0551 8.48128 12.5876 6.12594 27.4538 0.577252 26.482 0.389533 45.4961 30.6543 0.478817 25.1953 4.97522 62.9887
9260748800 0.4 13.3513 8.9948 12.1149 6.00861 28.9008 1.86714 27.0237 0.00486328 42.8986 31.8504 1.82877 25.2003 4.81633 64.2186
9261299712 0.4 13.2297 6.85427 11.312 5.65121 29.1682 1.14689 26.9177 1.09866 56.2988 34.1132 0.738524 26.5883 6.78137 68.2841
9260740608 0.4 13.1378 11.2802 11.7598 5.91811 29.3705 0.987986 28.0649 0.312529 34.2072 32.8121 0.985443 25.4755 6.34614 65.2006
9260763136 0.4 13.0962 9.5832 11.4951 5.73484 29.4639 2.1522 26.42 0.886749 40.2648 33.5678 2.36102 26.2201 4.98175 67.2844
9261129728 0.4 12.6945 11.5837 11.371 6.27883 30.3974 2.28574 28.1017 0.0049178 33.3124 33.9354 3.20625 25.9828 4.74143 61.4574
9260894208 0.4 13.5922 10.3231 11.6058 5.9778 28.3892 2.11133 26.2682 0.00468388 37.3792 33.248 2.072 24.7841 6.38698 64.5507
9260849152 0.4 12.9465 9.77177 11.6984 5.49063 29.8048 0.446325 29.3488 0.0048168 39.4881 32.9847 0.422994 24.4154 8.14142 70.2776
9261512704 0.5 12.5714 7.3675 10.7445 4.9979 30.6963 1.67023 27.7573 1.26369 52.3782 35.9159 1.6737 27.1952 7.04206 77.2117
9260963840 0.5 12.8158 10.6611 11.4543 5.27551 30.1093 1.68062 28.3819 0.0417678 36.1947 33.6881 1.67127 25.6695 6.34226 73.1443
9260969984 0.5 12.6719 9.93616 11.8134 5.09216 30.4512 2.10072 28.3408 0.00471108 38.8353 32.6641 0.801564 26.2632 5.59418 75.7779
9261475840 0.5 12.258 8.01627 10.7593 5.39623 31.4811 2.55233 28.9191 0.00468052 48.1389 35.8663 2.60361 28.3454 4.91229 71.512
9260845056 0.5 13.6471 8.09749 11.7722 5.72211 28.2748 2.02934 26.2348 0.00525736 47.6529 32.7779 2.05527 24.4592 6.25844 67.4346
9261268992 0.5 13.2472 9.69596 11.6494 5.49527 29.1297 0.866908 26.9692 1.2886 39.7987 33.125 0.701032 24.845 7.57397 70.2215
9260912640 0.5 13.5417 7.95 11.8706 5.33103 28.4951 1.45062 27.0346 0.0048008 48.5373 32.5065 2.00071 25.3881 5.11275 72.3821
9260959744 0.5 13.1237 9.22213 11.7067 5.56465 29.4028 1.94693 26.9545 0.496361 41.8421 32.9617 2.36095 24.822 5.77362 69.3437
9261072384 0.5 12.0277 8.35789 10.2802 5.45981 32.0824 2.02433 30.0484 0.00470948 46.1693 37.5361 4.53945 27.8624 5.12935 70.6761
9260947456 0.5 13.9391 8.81122 12.1937 5.77883 27.6827 0.486047 27.1868 0.00478468 43.7933 31.6454 1.25467 25.2234 5.16236 66.7735
9261422592 0.5 12.4938 10.6955 11.2375 5.44429 30.8867 0.853765 30.0232 0.00475264 36.0798 34.3397 0.837227 25.0185 8.47891 70.8802
9261383680 0.5 13.1118 7.25342 10.9914 5.32664 29.4309 1.43024 26.6392 1.35649 53.2013 35.1085 1.48447 26.2647 7.35413 72.4455
9261211648 0.5 13.4925 11.9343 11.6264 5.66894 28.5998 0.94929 27.516 0.129379 32.3341 33.1903 1.53819 26.008 5.63924 68.0698
9260886016 0.5 12.9871 10.7348 11.4385 5.19199 29.7118 2.16066 27.5414 0.00471736 35.9458 33.7342 2.24725 26.4431 5.0389 74.3203
9261524992 0.5 13.2174 10.231 11.7723 5.6196 29.1961 2.41706 26.5492 0.224841 37.7184 32.78 2.21845 24.1726 6.38384 68.6698
9261479936 0.5 12.829 7.77978 11.3204 5.1901 30.0798 0.798225 29.2719 0.00472552 49.6023 34.0884 0.540831 25.6105 7.93211 74.3521
9261164544 0.5 12.9363 9.75772 10.9678 5.46885 29.8293 0.339063 28.8148 0.670452 39.5463 35.183 0.342127 27.9965 6.83915 70.56
9261350912 0.5 13.3309 9.56984 11.8158 6.09348 28.9469 1.42534 27.5119 0.0047206 40.3235 32.6586 1.64028 25.9364 5.07699 63.3283
9261131776 0.5 13.5169 11.6198 11.6457 5.4844 28.548 1.49732 25.8315 1.21416 33.2089 33.1351 1.49445 24.5732 7.06231 70.3596
9261512704 0.5 13.9388 11.2241 12.0197 5.74625 27.685 0.811308 26.1974 0.671325 34.381 32.1052 0.854837 24.1111 7.13427 67.1562
9261101056 0.5 13.6924 10.0068 11.4103 5.62186 28.1821 0.961515 26.6186 0.596847 38.5618 33.8184 1.03083 26.7133 6.06924 68.639
9260943360 0.5 12.6803 9.29114 11.0442 5.17618 30.4308 1.3338 28.8913 0.200664 41.5313 34.9389 1.31415 26.2565 7.36314 74.5478
9260902400 0.5 13.8217 10.3638 12.0881 5.84452 27.9178 1.38676 26.5208 0.00489044 37.2326 31.9217 1.36507 23.5731 6.97851 66.0227
9261469696 0.5 12.0438 6.43314 10.8694 5.10913 32.0409 0.441513 31.5893 0.00505072 59.9854 35.503 0.364401 28.9562 6.1773 75.5303
9260869632 0.5 13.2611 10.3085 11.736 5.71278 29.0979 0.260759 28.8274 0.00475756 37.4321 32.8792 0.299612 23.8309 8.74361 67.545
9261387776 0.5 13.1256 9.54538 11.6118 5.62019 29.3998 0.80249 25.0416 3.55074 40.427 33.2326 0.905432 25.8159 6.5064 68.6616
9261234176 0.5 13.4623 8.9574 11.256 5.41623 28.6641 1.99275 26.6616 0.00472536 43.08 34.2827 2.04269 25.127 7.10806 71.246
9261060096 0.5 12.7828 10.5327 11.6194 5.5184 30.1871 0.869659 28.841 0.471521 36.6362 33.2098 1.24327 26.7608 5.20059 69.9256
9260939264 0.5 13.5331 10.1595 11.6992 5.62342 28.5133 1.0061 27.4975 0.00479276 37.9816 32.9829 1.01201 25.3984 6.56755 68.6188
9261490176 0.5 13.2197 10.5216 11.7625 5.6062 29.1909 1.40223 26.3826 1.40108 36.6764 32.8072 1.75803 25.798 5.2461 68.8337
9261068288 0.5 12.8659 7.99037 11.2209 5.34171 29.9924 2.63301 27.2535 0.100862 48.2929 34.3893 2.10836 25.0941 7.18187 72.2387
9261426688 0.5 13.2646 9.04629 11.8625 5.43243 29.092 1.48056 27.2235 0.382951 42.6576 32.5305 1.21575 26.249 5.06059 71.035
9261160448 0.5 13.6032 10.0273 11.7501 5.52343 28.3669 2.14867 25.8776 0.335717 38.4829 32.8408 1.84614 25.6307 5.35878 69.8627
9260818432 0.5 13.4859 11.0163 11.8891 5.5596 28.6126 1.37481 27.2276 0.00498344 35.027 32.4556 1.12762 26.2667 5.05628 69.4056
9260929024 0.5 13.5938 11.1547 12.3165 5.19151 28.3858 1.32345 27.0517 0.00509236 34.5927 31.3296 1.31741 24.8074 5.19972 74.3275
9261240320 0.5 12.9063 11.3012 11.4239 5.43947 29.899 0.549107 29.34 0.00486964 34.1454 33.7788 0.990566 25.595 7.18829 70.9417
9260804096 0.5 12.6408 8.6426 10.7249 5.39113 30.5255 1.68737 28.276 0.55719 44.6471 35.9786 2.14436 28.317 5.51225 71.5745
9261264896 0.5 13.5199 9.91879 11.8139 5.35986 28.542 0.726164 27.453 0.357934 38.9045 32.6638 2.16506 26.1251 4.36795 71.9955
9261137920 0.5 12.9967 10.2993 11.5259 5.29432 29.6906 1.81841 27.4195 0.447775 37.4667 33.4796 1.09522 25.873 6.50643 72.8858
9260881920 0.5 13.4455 9.92449 11.3257 5.60974 28.6989 0.775451 26.1558 1.76266 38.8806 34.0702 1.6911 24.778 7.59613 68.7857
9260957696 0.6 13.4976 10.5887 11.7788 5.14494 28.5882 0.938289 27.1855 0.459332 36.4418 32.7601 0.924738 24.9873 6.84307 75.0006
9261168640 0.6 12.0308 9.31471 10.8064 4.95283 32.0746 3.19961 26.2149 2.65514 41.4272 35.7087 1.69906 27.5783 6.42636 77.9114
9261230080 0.6 12.6789 7.34401 11.1652 4.96177 30.4353 0.92842 29.3728 0.128904 52.5441 34.5614 1.15095 25.8657 7.53986 77.7716
9260982272 0.6 13.3836 10.4783 11.4684 5.19844 28.8319 3.35463 24.9697 0.502555 36.8262 33.6467 4.03221 24.7418 4.8677 74.2288
9261363200 0.6 13.0258 7.89377 11.1575 5.24235 29.625 0.437425 29.1779 0.00466296 48.8854 34.5858 0.417152 27.647 6.51662 73.6101
9261514752 0.6 13.6312 6.15927 11.5518 5.16918 28.3099 1.35474 25.785 1.165 62.6529 33.4057 1.07386 27.0695 5.2573 74.6534
9261131776 0.6 11.5779 9.04535 10.5687 4.9983 33.329 4.56727 28.7508 0.00545776 42.6607 36.5116 3.61728 27.294 5.59535 77.2023
9261096960 0.6 12.8747 10.0485 11.0146 5.50053 29.9719 1.11275 26.5283 2.32568 38.4016 35.0335 1.24277 27.7304 6.05544 70.1531
9261017088 0.6 12.9574 9.63776 11.6053 5.26261 29.7803 1.12584 28.6448 0.00469492 40.0379 33.25 0.95261 24.792 7.50042 73.3241
9261320192 0.6 13.5094 10.16 11.1236 5.29925 28.5644 0.754715 27.0148 0.789919 37.981 34.6909 0.648278 25.1051 8.93253 72.8195
9260980224 0.6 13.3902 11.0498 11.7093 5.08548 28.8176 1.34838 26.6704 0.793853 34.9214 32.9546 1.36567 25.8673 5.71665 75.8777
9261125632 0.6 12.2257 8.22892 10.8489 4.974 31.5629 0.796584 28.8295 1.93183 46.8932 35.5686 1.14245 27.2678 7.15331 77.5795
9261273088 0.6 13.4381 9.66387 11.2794 5.13081 28.7159 1.44954 27.2562 0.0048312 39.9308 34.2117 1.43253 26.5698 6.20439 75.2097
9261389824 0.6 14.0599 11.348 12.1831 5.31216 27.4462 2.71889 24.7167 0.00505876 34.0053 31.6743 2.69711 22.2695 6.70279 72.6431
9261158400 0.6 12.6385 9.92944 11.1117 5.38366 30.5322 1.01051 27.6998 1.81687 38.8624 34.7275 1.06336 27.8123 5.84675 71.6765
9260859392 0.6 14.0391 11.0188 12.2851 5.11036 27.4854 1.72771 25.4056 0.347088 35.0191 31.4096 1.61131 24.2718 5.52154 75.5073
9261422592 0.6 13.9687 10.6172 11.8023 5.20702 27.6255 0.668953 26.1799 0.77169 36.346 32.6965 0.68371 23.8283 8.17947 74.11
9261447168 0.6 11.9819 8.631 10.7991 5.30183 32.2063 1.84618 30.3504 0.00468704 44.7102 35.734 2.04241 27.2789 6.40741 72.785
9261236224 0.6 12.5525 8.76929 11.3129 5.15261 30.7417 1.26858 29.0627 0.405389 44.0041 34.1102 1.46915 27.1448 5.49141 74.8911
9260912640 0.6 13.1136 10.7892 11.5629 5.40003 29.4253 1.06124 27.5034 0.855545 35.7645 33.3715 1.28962 26.2408 5.83602 71.4573
9260972032 0.6 12.4127 9.43462 10.6908 5.09941 31.0871 0.786062 30.2902 0.00544332 40.8998 36.094 0.872978 29.4618 5.7542 75.6703
9261383680 0.6 12.5547 8.92691 11.0374 5.02124 30.7367 1.59386 29.1324 0.00509392 43.2278 34.9621 1.4793 25.4401 8.03773 76.8517
9261312000 0.6 12.7873 10.3319 11.34 4.69352 30.1775 3.36874 26.5552 0.248585 37.3493 34.0289 3.49739 24.5051 6.02149 82.2172
9261197312 0.6 12.2895 10.9447 10.9365 4.80429 31.3993 2.08313 28.8966 0.414655 35.2574 35.284 2.09931 25.2031 7.97642 80.3205
9261588480 0.6 12.8099 8.75508 11.1762 5.38868 30.1251 1.39604 28.0908 0.633189 44.0772 34.5288 1.60528 25.4998 7.41864 71.6129
9261438976 0.6 12.1513 6.80049 10.856 5.19272 31.7573 4.26721 27.3024 0.182642 56.7449 35.5465 4.63902 26.576 4.32654 74.3143
9261207552 0.6 12.9519 10.2914 10.8742 5.45583 29.7937 1.80886 27.2013 0.778436 37.4956 35.4862 1.95404 28.0755 5.45175 70.7286
9261295616 0.6 13.2535 9.94017 11.4113 4.96508 29.1159 1.30065 27.6412 0.169075 38.821 33.8162 1.34149 26.0733 6.39647 77.7203
9260912640 0.6 13.0844 9.25817 11.7538 5.02102 29.4909 1.43966 23.9209 4.12537 41.679 32.8295 1.36907 24.7097 6.74563 76.8512
9260931072 0.6 13.5681 9.32107 11.6299 5.47299 28.4396 1.54196 26.6813 0.21136 41.3978 33.1794 1.50216 25.4223 6.24961 70.5048
9260972032 0.6 12.3262 10.3619 10.7194 4.89399 31.3053 0.928147 30.0749 0.297255 37.2398 35.9978 0.899981 27.5521 7.54077 78.8465
9261381632 0.6 13.0865 11.1403 11.3878 5.28496 29.4878 2.59517 26.8829 0.00470624 34.6393 33.8863 2.75409 24.7701 6.35715 73.0168
9261037568 0.6 12.3206 9.71856 10.5868 5.06272 31.3196 0.990963 30.0251 0.298554 39.7051 36.4489 1.0076 28.0307 7.40552 76.2192
9261344768 0.6 14.1033 8.96213 11.677 5.43711 27.3617 0.902462 26.2665 0.187592 43.0578 33.047 1.70447 24.0252 7.31241 70.9732
9261303808 0.6 13.5477 9.64069 12.216 5.07218 28.4837 2.53754 25.8223 0.118646 40.027 31.5888 2.49453 23.2288 5.86051 76.0793
9261445120 0.6 12.3341 8.58848 11.2716 5.23071 31.2867 0.729112 30.0707 0.481882 44.9315 34.2358 0.734687 26.8175 6.67857 73.7746
9261189120 0.6 12.6554 9.11513 11.0862 5.22189 30.4915 0.787061 28.1648 1.53468 42.3343 34.8077 0.300552 26.1741 8.32804 73.8972
9260359680 0.6 13.1027 9.99708 11.2315 4.95774 29.448 2.7767 26.6616 0.00470784 38.5961 34.354 2.9281 24.1865 7.23443 77.8274
9261111296 0.6 12.8479 9.19505 10.8143 5.07736 30.0344 2.29759 26.9348 0.796994 41.966 35.6825 2.09332 26.993 6.59122 76.0001
9261404160 0.6 12.5506 10.3023 11.2817 5.31034 30.7469 0.876604 24.9733 4.89195 37.4567 34.2052 0.86705 25.0181 8.31496 72.6679
9261209600 0.7 12.9767 9.83551 10.8983 4.79263 29.7366 3.60456 25.6469 0.480177 39.2337 35.4076 3.04976 25.1429 7.20973 80.516
9261066240 0.7 13.4706 6.78312 11.3944 4.55156 28.646 1.63145 27.0046 0.00478484 56.8879 33.8657 2.41511 25.9573 5.48825 84.7792
9261449216 0.7 12.7272 8.97739 10.7805 5.06662 30.3204 0.437962 29.6178 0.259578 42.9851 35.7954 0.641487 28.9003 6.24839 76.164
9261469696 0.7 12.7735 9.64622 11.1181 4.78274 30.2105 2.35009 27.8507 0.00468056 40.0047 34.7086 2.10688 26.5014 6.09538 80.6848
9261352960 0.7 13.0416 10.2765 11.1793 4.92398 29.5892 1.88363 27.6959 0.00469504 37.5507 34.5182 2.82491 24.6803 7.00797 78.3695
9261301760 0.7 12.4583 8.96829 10.9676 4.34842 30.9743 1.58957 28.8618 0.517976 43.028 35.1844 1.58074 26.0106 7.58808 88.742
9261479936 0.7 12.4533 9.64711 10.8413 4.97919 30.9874 3.63783 26.2839 1.06051 40.0011 35.5948 3.62805 25.9272 6.03437 77.5016
9261385728 0.7 12.6213 8.38318 11.0814 4.552 30.5745 1.26334 28.2671 1.03912 46.0316 34.8233 1.64686 25.508 7.6636 84.774
9261424640 0.7 12.5547 9.781 10.7398 4.87177 30.7369 3.11054 27.2134 0.407988 39.4533 35.9311 3.18508 25.5194 7.22162 79.21
9261080576 0.7 11.2556 8.03331 9.87858 4.41857 34.2833 3.01625 29.2207 2.04134 48.0348 39.0621 3.63982 28.8139 6.60345 87.331
9261445120 0.7 13.0286 8.69373 11.105 4.62618 29.6189 1.93752 26.7169 0.959529 44.3876 34.7496 1.40805 26.0801 7.25623 83.4151
9261080576 0.7 12.3767 10.4688 10.3823 4.82036 31.1778 1.9093 29.2578 0.00517096 36.8598 37.167 0.970244 27.3176 8.87422 80.0518
9261262848 0.7 11.0849 9.80519 9.70671 4.84266 34.8119 1.40736 33.3948 0.00469816 39.3553 39.7545 1.38808 28.9364 9.42515 79.6847
9261283328 0.7 13.3929 10.6567 11.5525 5.41037 28.8129 1.4731 26.6462 0.688562 36.2109 33.4027 1.47522 25.0989 6.82367 71.3236
9261113344 0.7 13.2255 9.82176 11.5129 5.28524 29.177 1.48155 27.6856 0.0046694 39.2883 33.5171 1.46662 25.2121 6.83335 73.0108
9261148160 0.7 12.816 9.15869 11.267 4.72134 30.1093 1.86751 27.6622 0.574635 42.1328 34.2487 1.81773 24.117 8.30886 81.7313
9261348864 0.7 13.7347 8.3041 11.1735 4.55791 28.096 1.13612 26.747 0.207851 46.4698 34.536 2.20221 26.3123 6.01653 84.6637
9261420544 0.7 12.4931 8.97 11.0355 4.76687 30.8885 1.99984 28.4403 0.443449 43.0204 34.9681 1.63228 26.552 6.7788 80.953
9261103104 0.7 11.7622 9.05205 10.4624 4.65737 32.8068 3.28856 29.2545 0.258652 42.6289 36.8824 3.36081 27.2285 6.28816 82.8534
9261309952 0.7 11.9611 8.73336 10.2826 4.70089 32.2619 2.50386 29.0551 0.697929 44.1855 37.5283 2.52627 27.6846 7.31253 82.0883
9261355008 0.7 13.4743 11.2711 11.4056 4.96671 28.6388 1.72669 26.9024 0.0047158 34.2372 33.8335 1.70601 24.7807 7.34186 77.6953
9261225984 0.7 12.9453 9.62762 10.828 4.93283 29.8088 0.77864 27.7681 1.25707 40.081 35.6378 2.10815 25.709 7.81547 78.2278
9261541376 0.7 12.7068 9.23035 10.8262 4.64409 30.3694 2.18505 28.1351 0.0442404 41.8075 35.6448 1.07996 26.7461 7.81366 83.0944
9261436928 0.7 12.1259 6.60529 11.2274 5.04068 31.8239 1.41243 30.4017 0.004703 58.4218 34.3706 1.25164 27.2037 5.91028 76.5557
9261293568 0.7 12.5385 6.40267 10.7541 4.82645 30.7762 5.06752 25.699 0.00468224 60.2698 35.8828 5.8652 25.5796 4.43312 79.9526
9261584384 0.7 10.9873 9.00548 9.89236 4.37549 35.1224 4.15318 30.9586 0.00505568 42.8516 39.0099 4.06385 26.515 8.42607 88.1956
9261336576 0.7 11.3587 8.82813 9.99333 4.65254 33.9729 1.60268 29.6184 2.74677 43.7113 38.6147 2.29263 29.328 6.98909 82.9415
9261252608 0.7 13.051 10.126 10.7255 4.43638 29.5675 0.986626 26.7171 1.85872 38.1085 35.9783 0.453409 27.4927 8.02705 86.982
9261430784 0.7 11.3244 9.39381 9.53807 4.78756 34.0763 1.99911 31.3251 0.747088 41.0795 40.4582 1.97818 28.6849 9.78998 80.6032
9261264896 0.7 12.7591 9.7874 11.0994 4.71423 30.2439 1.66849 28.0828 0.487446 39.4268 34.7663 2.06768 25.67 7.02366 81.8556
9261293568 0.7 12.1502 8.31571 10.4997 4.89853 31.7598 1.50496 30.0385 0.211357 46.4046 36.7522 2.22904 26.9466 7.57158 78.7761
9261457408 0.7 12.7725 9.14021 11.0397 4.91839 30.2128 1.97029 28.0155 0.221917 42.2194 34.955 2.02337 25.5038 7.42287 78.4594
9261510656 0.7 11.1992 8.50783 9.94829 4.64734 34.4576 3.45464 30.6736 0.324309 45.3578 38.7902 3.31032 28.9591 6.51582 83.0359
9261084672 0.7 13.7638 10.0906 10.7583 4.79394 28.0358 1.47248 25.1909 1.36744 38.2415 35.8678 1.57278 27.9133 6.37669 80.493
9261256704 0.7 12.9116 10.1544 11.1069 5.07253 29.8869 1.36265 27.7652 0.75389 38.0018 34.7428 1.03137 25.6751 8.03142 76.0735
9261137920 0.7 12.6605 10.052 10.0152 4.54014 30.479 2.02322 26.5097 1.94092 38.3883 38.5294 2.15391 27.7279 8.64264 84.9931
9261477888 0.7 11.5411 9.49824 10.0776 4.5514 33.4366 2.25111 31.1748 0.005259 40.628 38.2922 2.13256 27.243 8.91174 84.7859
9261135872 0.7 12.539 9.4686 10.4382 4.95152 30.7744 3.86131 26.8531 0.055026 40.7537 36.9681 2.64027 25.3736 8.94916 77.9317
9261402112 0.7 12.4119 9.71939 10.5528 4.62688 31.0905 1.33267 29.7471 0.0047958 39.7033 36.5676 1.32207 27.1149 8.12568 83.4022
9261139968 0.7 11.7941 8.7598 10.6054 4.72703 32.7181 2.17233 27.9627 2.57801 44.0513 36.3852 3.16781 26.251 6.96134 81.6327
9261443072 0.8 11.6738 9.6543 10.0389 4.49398 33.0565 3.11369 29.9329 0.00491284 39.9712 38.44 2.86197 28.5183 7.0547 85.8689
9261213696 0.8 12.3858 8.18775 10.5634 4.73521 31.1553 2.5511 27.7128 0.886446 47.1294 36.5303 1.46475 26.4287 8.63189 81.4924
9261379584 0.8 13.4454 8.77534 11.0956 4.13001 28.7005 3.78183 24.8504 0.0632913 43.9745 34.7786 2.81758 22.4276 9.52835 93.4359
9261228032 0.8 11.8384 8.29629 10.507 4.51466 32.5961 0.60174 30.8873 1.10199 46.5129 36.7265 1.73857 25.3002 9.68257 85.4736
9261512704 0.8 12.0275 9.70207 10.5672 4.43251 32.0845 3.73316 28.3417 0.0046838 39.7747 36.5184 3.20668 26.2224 7.08433 87.0605
9261236224 0.8 13.3691 9.7416 10.948 4.08156 28.864 0.621494 28.158 0.0795059 39.6121 35.2471 2.27799 25.6471 7.31697 94.5435
9261324288 0.8 13.4846 9.92324 11.4465 4.34963 28.6169 2.73446 25.6299 0.247548 38.8873 33.7123 2.75706 23.8524 7.09777 88.7175
9261324288 0.8 11.5598 7.81868 9.76816 3.98088 33.3819 1.19545 32.1758 0.00531196 49.3547 39.5047 1.03975 29.804 8.65607 96.9355
9261123584 0.8 13.1212 9.35446 11.0465 4.49743 29.409 1.9009 27.4356 0.0675071 41.2509 34.9324 1.73997 26.0624 7.12505 85.8002
9261154304 0.8 13.4535 10.1263 10.5078 4.57523 28.6827 2.93717 25.6137 0.126818 38.1069 36.7232 2.46388 27.1503 7.10413 84.3414
9261477888 0.8 11.9277 8.93491 9.79651 4.24013 32.3527 0.404083 31.9379 0.00526528 43.1895 39.391 0.373059 32.3456 6.66747 91.0102
9261148160 0.8 12.1204 9.82591 11.0363 4.4634 31.8374 2.14488 25.5189 4.16849 39.2718 34.9648 2.13346 25.3402 7.48615 86.4546
9261158400 0.8 12.0218 9.98147 10.3193 4.63287 32.0985 2.62857 29.4599 0.00484084 38.6598 37.3941 2.56464 28.266 6.5585 83.2922
9261363200 0.8 11.3035 9.866 10.0286 4.07738 34.1391 3.59431 28.715 1.82469 39.1131 38.4791 4.31599 27.5428 6.61528 94.6418
9261459456 0.8 12.3634 9.57639 10.1902 4.51961 31.2125 2.19227 29.0105 0.00478964 40.2964 37.8691 3.62462 25.3492 8.89029 85.3822
9261443072 0.8 11.7339 8.90859 10.2373 4.34167 32.8872 0.990943 29.6231 2.26808 43.317 37.6949 1.33926 28.3205 8.0302 88.8814
9261328384 0.8 11.8126 8.22487 9.77351 4.1761 32.6676 3.266 29.3906 0.00545928 46.9173 39.4831 3.99211 29.1485 6.33757 92.404
9261617152 0.8 12.5272 7.88933 10.6805 4.72038 30.8051 1.36993 28.2735 1.15663 48.9142 36.1312 2.7571 25.8485 7.52061 81.7521
9261326336 0.8 10.9462 8.57071 9.57171 4.25511 35.253 0.993232 34.2351 0.0197109 45.0241 40.3155 0.91127 30.2054 9.19391 90.6882
9261522944 0.8 12.3022 8.71025 10.3016 4.49452 31.3681 1.55541 29.8028 0.00493852 44.3038 37.4598 1.49918 26.6257 9.32994 85.8594
9261326336 0.8 12.2692 9.52533 10.4911 4.25385 31.4519 2.03165 29.4106 0.0046806 40.5118 36.7826 1.81032 26.6488 8.31829 90.7151
9261135872 0.8 11.9798 8.87036 10.6967 4.72325 32.2108 2.9563 28.2212 1.02823 43.5022 36.0749 2.72459 27.4606 5.88475 81.6982
9261445120 0.8 11.798 10.2056 10.5199 4.70607 32.7084 1.99472 30.7041 0.00466776 37.812 36.6823 3.16061 27.7897 5.7271 81.9991
9261393920 0.8 13.0541 10.9222 11.3175 4.49665 29.5609 1.18036 27.7595 0.61614 35.3311 34.0968 1.22701 25.1576 7.70671 85.8175
9261142016 0.8 12.1943 6.78059 10.4686 4.3462 31.6445 4.03961 27.5951 0.00478152 56.9096 36.8608 4.05526 26.0368 6.76381 88.7858
9261312000 0.8 12.0781 7.95819 10.3592 4.81201 31.9494 1.70789 29.8236 0.412891 48.4894 37.2508 2.68118 25.7166 8.84805 80.1927
9261355008 0.8 11.8852 8.3231 10.4774 4.44698 32.4682 1.55787 30.7968 0.108509 46.3637 36.8306 2.29279 27.7697 6.76312 86.7758
9261481984 0.8 12.6914 9.32943 10.8628 4.50079 30.4061 2.28764 28.1078 0.00520456 41.3632 35.5245 2.97363 24.3614 8.18442 85.7393
9261103104 0.8 12.4452 9.09127 10.9337 4.66874 31.0062 2.34848 27.7059 0.946881 42.445 35.2925 3.30338 24.8843 7.09993 82.6516
9261375488 0.8 12.7288 8.72379 10.6556 4.50117 30.3162 3.1258 26.9746 0.210809 44.2343 36.2147 3.24164 23.0211 9.94706 85.7312
9261293568 0.8 12.1322 8.3151 10.7907 4.10074 31.8068 1.23286 30.5643 0.00468372 46.408 35.7612 1.45019 26.3197 7.98618 94.102
9261524992 0.8 12.1282 9.12701 10.2582 4.53598 31.8182 1.41438 30.3942 0.00468216 42.2808 37.6182 1.40759 25.8957 10.3099 85.0746
9261350912 0.8 12.5431 7.63097 10.2048 4.48171 30.7651 2.09614 27.7579 0.90612 50.5689 37.8145 2.31702 26.6337 8.85884 86.1032
9261281280 0.8 12.7077 10.1202 10.969 4.86195 30.3664 2.41457 26.0199 1.92701 38.1304 35.1798 2.50573 24.7742 7.89499 79.3686
9261152256 0.8 12.2823 9.13724 10.5835 4.36883 31.4178 2.57707 26.8425 1.9932 42.2317 36.4608 3.51447 25.4183 7.52304 88.326
9261062144 0.8 12.5914 7.87027 10.5916 4.27658 30.6462 1.63544 28.9056 0.100234 49.0298 36.4323 1.93981 26.906 7.58153 90.2303
9261291520 0.8 11.9704 8.48239 10.7101 4.42498 32.2369 1.53589 30.6912 0.00470464 45.4927 36.0302 1.55339 25.9035 8.56817 87.2066
9261029376 0.8 12.7371 9.00714 11.0854 4.52452 30.2955 2.84349 27.4423 0.00474304 42.8411 34.8093 2.58392 24.7745 7.44587 85.2855
9261533184 0.8 11.5261 7.20817 10.1545 4.43284 33.4802 1.48589 31.9845 0.00471732 53.5361 38.0027 1.46479 28.9204 7.61241 87.0542
9261410304 0.8 12.1137 10.5107 10.769 4.54621 31.8557 2.25405 29.5918 0.0048216 36.7141 35.8335 1.74262 26.3838 7.70197 84.8822
9261504512 0.9 12.5932 8.46704 10.7332 4.45289 30.6432 4.72131 25.2255 0.691259 45.5762 35.9534 4.09959 21.8851 9.96375 86.6619
9261570048 0.9 12.244 8.27108 10.0116 3.32915 31.5175 3.73336 27.7744 0.00471908 46.6564 38.5453 3.77559 26.8643 7.90044 115.915
9261312000 0.9 12.1617 8.39054 10.1009 4.29008 31.7297 4.09148 27.4132 0.220035 45.9909 38.2033 5.24845 26.0727 6.87725 89.9489
9261301760 0.9 11.8227 6.76068 9.55913 4.14505 32.6395 0.47424 31.3778 0.782464 57.0782 40.3685 0.564003 29.938 9.86142 93.0961
9261363200 0.9 12.3875 8.13549 9.94202 4.2679 31.1516 2.387 28.3803 0.379246 47.4329 38.814 2.033 26.5679 10.2082 90.4168
9261529088 0.9 11.6827 8.37961 9.48991 3.69154 33.0316 1.95445 28.3082 2.76373 46.0519 40.6639 1.98206 27.9774 10.6995 104.535
9261244416 0.9 12.158 7.45514 10.3087 4.28757 31.7393 2.40627 29.3232 0.0048024 51.761 37.4328 2.19058 24.6798 10.5574 90.0009
9261576192 0.9 12.8398 8.66524 10.413 4.30369 30.055 1.58539 28.4596 0.0047014 44.5341 37.0593 2.15526 24.5062 10.3928 89.667
9261615104 0.9 12.2663 9.05071 10.3918 3.934 31.4603 2.9487 25.975 2.53158 42.6376 37.135 3.96152 26.0356 7.13288 98.0936
9261363200 0.9 12.3144 8.05404 10.3374 4.19955 31.3365 0.534561 30.792 0.00472064 47.9126 37.3294 3.94381 24.9959 8.38472 91.8885
9261424640 0.9 10.9822 8.25956 9.67513 4.18707 35.1379 3.24864 31.8796 0.00466456 46.7208 39.885 3.2203 27.5445 9.11525 92.163
9261219840 0.9 10.8818 8.83076 9.81817 4.06093 35.4614 1.59939 33.8518 0.0050636 43.6977 39.3031 1.16588 27.418 10.7139 95.0236
9261219840 0.9 11.7018 9.39805 9.71988 3.88371 32.9765 5.72545 27.2401 0.00545628 41.06 39.7005 6.01237 25.0636 8.61957 99.3597
9261488128 0.9 11.1041 7.38423 9.83521 3.69868 34.7525 2.17335 32.5693 0.00469816 52.2594 39.2361 1.92149 29.9059 7.40373 104.333
9261451264 0.9 11.4794 9.31964 9.85146 4.45257 33.6163 4.63405 27.2717 1.70561 41.4065 39.1712 4.74158 24.6806 9.74411 86.6677
9261541376 0.9 10.0046 6.62813 8.66073 3.73572 38.572 4.11727 27.0721 7.37764 58.2212 44.5572 4.09304 26.5293 13.9289 103.299
9261535232 0.9 11.3302 8.50141 9.48304 3.84199 34.0592 1.42399 32.6246 0.00514536 45.3922 40.6934 1.50216 30.5893 8.59702 100.442
9261654016 0.9 12.4469 6.88635 10.3496 4.07076 31.004 3.30739 27.1071 0.584541 56.0388 37.2868 6.4088 24.1851 6.68789 94.7986
9261539328 0.9 11.3956 8.55551 9.28279 3.60434 33.8636 4.54284 28.4275 0.888248 45.1051 41.5713 3.3899 30.469 7.70733 107.065
9261649920 0.9 12.0277 8.46176 10.0814 4.10372 32.0845 3.50732 28.3103 0.26194 45.6054 38.2788 5.83448 25.2103 7.22906 94.0371
9261293568 0.9 12.5209 8.32874 10.1021 3.91652 30.8195 2.50463 28.0683 0.24153 46.332 38.1987 2.58411 26.7117 8.89795 98.5282
9261463552 0.9 11.7443 8.73562 10.1841 4.34716 32.8579 1.61178 31.2363 0.00477832 44.1748 37.892 1.82027 27.6224 8.44442 88.7694
9261154304 0.9 11.2547 8.41732 8.99728 3.67792 34.2863 3.95854 29.8754 0.447205 45.8437 42.8887 3.40706 31.2144 8.26223 104.918
9261531136 0.9 12.7109 8.77232 9.81758 4.11982 30.3595 4.44445 24.6818 1.22813 43.9903 39.3067 3.85796 25.4479 9.99588 93.6685
9261350912 0.9 10.9847 8.6228 9.45024 3.83693 35.1299 2.13873 28.5929 4.39324 44.7522 40.8338 2.38361 30.8655 7.57969 100.572
9261320192 0.9 11.3213 8.16512 8.86811 3.90927 34.0851 5.1215 28.9539 0.00466132 47.2606 43.5142 6.07088 28.5238 8.91448 98.7111
9261559808 0.9 11.5171 5.73106 9.53839 4.05665 33.5066 1.6247 31.3359 0.540986 67.3346 40.4574 2.9939 29.7375 7.72108 95.1275
9261522944 0.9 13.0992 8.33456 10.0417 4.3195 29.4595 1.19363 28.2562 0.00473028 46.3008 38.4295 1.17189 28.3173 8.93539 89.3384
9261572096 0.9 12.5982 7.39185 10.1757 4.29102 30.6313 0.989004 29.6325 0.00484884 52.206 37.9235 1.36669 27.9007 8.6511 89.9316
9261391872 0.9 13.5013 11.8025 10.694 4.39436 28.5817 2.43319 25.4765 0.667046 32.6957 36.0847 2.25411 24.0877 9.73799 87.8151
9261398016 0.9 11.865 7.05681 9.69744 4.17897 32.5236 3.73311 28.7799 0.00516456 54.6836 39.7931 4.58235 26.4078 8.79799 92.3413
9261541376 0.9 11.3775 7.89827 9.54411 3.55557 33.9175 5.87917 28.0286 0.00468056 48.8585 40.433 4.69849 27.7699 7.95973 108.533
9261496320 0.9 11.9292 8.78397 10.4301 4.14507 32.3489 3.63318 28.7057 0.00488564 43.9318 36.9982 2.67137 26.4988 7.82302 93.0976
9261144064 0.9 12.5585 9.83069 10.1699 3.91163 30.7267 1.84481 27.3169 1.56 39.2527 37.9436 2.22781 27.8149 7.89592 98.6498
9261406208 0.9 12 8.39777 10.2149 4.28943 32.1576 3.33386 28.814 0.0048136 45.9517 37.7775 4.91368 25.976 6.88289 89.9635
9261086720 0.9 12.3339 9.37617 10.5484 3.91382 31.2861 2.49117 25.2476 3.54221 41.1552 36.5816 4.74965 25.2232 6.60373 98.5939
9261256704 0.9 11.4196 7.81254 9.42622 3.36255 33.7916 2.01027 31.7716 0.0047174 49.3931 40.9375 4.73357 27.2733 8.92566 114.76
9261185024 0.9 12.3433 8.73786 10.5251 4.04271 31.2625 2.44388 28.0531 0.760394 44.1622 36.6632 2.54521 25.332 8.78087 95.4515
9261391872 0.9 11.3482 8.51921 9.45469 3.80858 34.0047 4.3126 27.4677 2.2193 45.2966 40.8148 2.83796 27.0469 10.9248 101.322
9261303808 0.9 12.9976 8.56916 10.8813 3.98848 29.6891 3.1558 26.5236 0.0047302 45.0321 35.4634 2.52432 25.3647 7.56939 96.7505
9261422592 0.95 11.1102 8.63397 9.13996 3.60739 34.7332 2.5305 31.8633 0.334413 44.6947 42.2204 2.41049 28.0741 11.7307 106.973
9261529088 0.95 11.3798 8.87831 9.09152 3.50515 33.9107 2.09727 31.8025 0.00521576 43.4651 42.4458 0.515093 29.4841 12.4415 110.094
9261441024 0.95 10.925 7.20475 9.14927 3.60621 35.3221 3.63699 31.3903 0.289757 53.5609 42.1775 4.17936 28.068 9.92521 107.008
9261291520 0.95 12.2011 7.90811 9.66327 3.7593 31.6272 1.9704 29.1415 0.510405 48.7964 39.9334 3.89713 26.6801 9.35123 102.649
9261389824 0.95 11.199 7.82117 9.4245 3.59659 34.4578 4.21297 30.235 0.0048488 49.3393 40.9455 4.47541 28.1298 8.33532 107.294
9261332480 0.95 11.2951 8.40267 9.46394 3.70339 34.1643 3.53579 30.618 0.00503632 45.9245 40.7746 3.41915 28.2048 9.14573 104.199
9261676544 0.95 12.4022 8.85014 10.6029 3.92491 31.1158 2.79486 27.2656 1.05043 43.6042 36.3961 2.6569 25.5808 8.15328 98.3214
9261586432 0.95 11.1678 8.26724 9.04642 3.43092 34.5546 2.20182 32.3431 0.00467736 46.6782 42.6577 0.989919 32.6045 9.05817 112.477
9261408256 0.95 12.1697 8.15704 10.1685 3.96422 31.7094 3.85684 27.5005 0.347075 47.3079 37.9497 3.98471 24.8663 9.0937 97.3438
9261275136 0.95 11.1199 9.43267 9.10118 3.74257 34.7023 3.74546 30.6556 0.296306 40.9095 42.3996 4.09577 30.4539 7.84482 103.107
9261342720 0.95 11.3803 7.01527 9.23691 3.66959 33.9084 2.65405 31.218 0.0312578 55.0071 41.7769 1.54762 29.2849 10.9394 105.159
9261438976 0.95 10.8463 8.1998 8.85191 3.45419 35.5782 5.35309 29.7281 0.492048 47.0613 43.5944 5.79323 28.7129 9.08328 111.717
9261424640 0.95 11.6592 7.03247 9.5138 3.58249 33.0977 2.93213 30.1559 0.00476064 54.873 40.5614 3.09098 29.3814 8.084 107.716
9261301760 0.95 9.48269 6.62074 8.53933 3.37751 40.6939 7.36625 32.8259 0.496815 58.2847 45.1894 7.52691 31.344 6.31361 114.252
9261275136 0.95 10.498 7.35399 8.7102 3.70576 36.7581 6.52732 30.2211 0.00467096 52.473 44.3028 8.83325 30.113 5.35163 104.131
9261565952 0.95 10.7099 6.88761 8.72037 3.49128 36.0319 2.82425 32.2461 0.956565 56.028 44.2525 2.87163 33.0199 8.35562 110.532
9261563904 0.95 11.5566 7.69256 9.91493 3.47849 33.3919 5.11633 27.7781 0.492609 50.1651 38.921 4.24264 26.0392 8.63411 110.938
9261543424 0.95 13.5536 10.2044 9.72637 3.59671 28.4719 1.5464 26.3287 0.591753 37.8166 39.6754 3.24554 25.5017 10.9233 107.292
9261258752 0.95 12.7038 9.71061 10.277 4.0032 30.3756 3.40234 26.9632 0.00502668 39.7386 37.5484 2.55887 26.1056 8.87901 96.3944
9261352960 0.95 10.6292 8.37356 9.29383 3.94307 36.3047 4.4165 31.7203 0.16282 46.0843 41.5211 4.5265 25.9813 11.008 97.8652
9261273088 0.95 12.8222 9.34409 10.6246 4.13391 30.0953 3.83246 26.253 0.00482796 41.2974 36.3202 3.59645 24.3824 8.33613 93.3465
9261494272 0.95 12.0333 8.29396 9.42185 3.33965 32.069 1.73957 29.2315 1.09295 46.5273 40.9575 3.78748 27.2172 9.94785 115.55
9261494272 0.95 11.7735 5.57416 9.90021 3.30245 32.7766 3.75427 28.6016 0.415776 69.2294 38.9785 3.47732 26.5768 8.91938 116.851
9261582336 0.95 13.3602 8.94072 11.067 3.7007 28.8842 2.34763 26.5265 0.00476544 43.162 34.8693 2.37054 23.4703 9.02351 104.277
9261565952 0.95 12.1666 9.09645 9.66147 3.6676 31.718 2.27861 28.1063 1.32804 42.423 39.942 3.97582 26.5912 9.36996 105.218
9261445120 0.95 11.5558 6.89785 9.33173 3.93342 33.3938 1.86323 29.9455 1.58006 55.944 41.3528 2.00427 27.5278 11.8158 98.1065
9261346816 0.95 12.0736 7.53196 9.87357 3.59951 31.9613 5.3827 26.5687 0.00489212 51.2336 39.0831 5.7319 25.9047 7.44152 107.206
9261553664 0.95 11.6897 8.61209 9.54998 3.81878 33.0118 2.63183 29.6928 0.682095 44.8089 40.4082 2.60271 30.5779 7.22265 101.053
9261502464 0.95 12.4959 7.4814 9.09483 3.63185 30.8819 3.44903 27.4229 0.00477192 51.5807 42.4303 3.83311 28.6729 9.91928 106.253
9261352960 0.95 12.059 8.91766 9.73197 3.55067 32.0001 5.23997 26.7495 0.00511332 43.2725 39.6518 3.09343 24.059 12.4942 108.681
9261248512 0.95 11.0276 7.1283 9.20922 3.44433 34.9927 3.88616 30.7666 0.334892 54.1343 41.9021 3.77084 27.7324 10.3939 112.035
9261508608 0.95 11.8126 9.61556 9.98804 4.18225 32.6683 1.34602 31.3126 0.0047414 40.1325 38.6358 1.22615 25.3886 12.016 92.27
9261328384 0.95 11.5033 6.73734 9.84229 3.72907 33.5459 2.81367 29.4633 1.26394 57.2761 39.2072 2.79697 27.1504 9.2549 103.481
9261438976 0.95 12.312 8.07845 9.73631 3.5485 31.3428 1.72734 29.5472 0.0632223 47.7682 39.6344 1.06433 30.1576 8.40746 108.748
9261512704 0.95 12.0718 8.58017 10.0971 3.80293 31.9668 1.26005 30.6967 0.00487932 44.9754 38.2185 3.49064 24.7245 9.99844 101.473
9261479936 0.95 12.9508 8.74041 10.019 3.51202 29.7969 1.57082 25.6465 2.57463 44.1507 38.5165 2.94196 26.9948 8.57477 109.878
9261465600 0.95 11.9468 9.04688 9.20307 3.25275 32.301 1.93698 29.3714 0.987579 42.655 41.9311 5.37902 27.4658 9.08097 118.636
9261473792 0.95 11.7752 7.9445 9.72322 3.70761 32.7717 3.82056 28.9412 0.00484248 48.5738 39.688 2.36895 28.0018 9.31219 104.082
9261537280 0.95 11.5082 7.15564 9.8996 3.38701 33.5323 2.06288 31.2378 0.226492 53.9291 38.9811 2.04953 27.598 9.32867 113.935
9261338624 0.95 11.9001 8.16771 9.33457 3.75893 32.4274 4.29563 28.1218 0.00503316 47.2457 41.3398 3.1873 29.6665 8.48092 102.659
9261326336 0.99 11.9167 7.92239 9.03096 3.63274 32.3823 2.95252 27.1453 2.27929 48.7086 42.7295 2.89088 27.8176 12.0161 106.225
9261297664 0.99 11.9574 6.22023 9.45972 3.59276 32.2719 1.19311 27.8565 3.2173 62.0374 40.7927 2.04762 27.7873 10.9527 107.407
9261400064 0.99 11.3095 4.22657 9.07265 3.23031 34.121 2.88213 29.0005 2.23333 91.3014 42.5335 6.05305 27.7881 8.68726 119.46
9261447168 0.99 11.8416 8.82754 9.65123 3.73096 32.588 1.83801 29.9211 0.82382 43.7148 39.9839 1.82519 27.4318 10.7219 103.43
9261445120 0.99 11.5092 7.83256 9.21452 3.6965 33.5292 1.57827 31.9412 0.0046918 49.2679 41.8788 1.56019 31.7948 8.51887 104.394
9261410304 0.99 10.6524 7.31408 9.10432 3.33017 36.2259 2.1482 30.1452 3.92744 52.7601 42.3856 0.438177 28.6502 13.2922 115.878
9261473792 0.99 11.6138 6.6214 9.77 3.50358 33.2274 3.81233 28.2584 1.15173 58.2799 39.4979 4.35964 27.0252 8.10818 110.143
9261297664 0.99 12.4799 9.40001 10.2155 3.35901 30.9207 2.63447 26.943 1.33828 41.0518 37.7748 3.65613 26.2103 7.90336 114.881
9261248512 0.99 11.9193 7.92393 10.3325 4.05757 32.3749 0.8421 31.4444 0.0834205 48.6987 37.3467 0.968166 26.3131 10.0603 95.1025
9261449216 0.99 10.4114 7.05001 8.42582 3.46085 37.0646 3.11979 33.2776 0.662169 54.7366 45.799 3.00431 28.4695 14.3201 111.503
9261535232 0.99 12.126 8.37632 9.93618 3.36011 31.8241 3.41281 28.161 0.245187 46.07 38.8376 2.24063 27.7696 8.82243 114.846
9261322240 0.99 11.0483 8.37294 8.98893 3.48838 34.9275 1.73144 33.1848 0.00581508 46.0876 42.9293 4.13539 32.682 6.10684 110.621
9261498368 0.99 12.5072 7.42452 9.9487 3.47311 30.854 3.05036 27.7107 0.0878943 51.9758 38.7885 2.82367 26.2685 9.69135 111.11
9261465600 0.99 11.243 8.10788 8.87417 3.40882 34.323 2.26132 32.052 0.00473028 47.595 43.4851 4.22873 29.1884 10.063 113.205
9261289472 0.99 11.4773 8.43034 9.19653 3.33449 33.6219 1.60578 31.9713 0.039443 45.7736 41.9601 1.66029 32.3788 7.91598 115.726
9261389824 0.99 11.3919 8.2241 8.78618 3.54391 33.8741 2.41645 28.6269 2.82563 46.922 43.9203 3.79043 29.0712 11.0537 108.889
9261410304 0.99 10.4751 7.95364 8.97504 3.54099 36.8391 3.83025 31.4618 1.54202 48.5176 42.9961 2.24749 29.8942 10.8494 108.979
9261283328 0.99 10.8247 7.39922 8.66113 3.42098 35.6487 2.37606 29.816 3.4516 52.1523 44.5539 4.37033 29.0735 11.105 112.8
9261498368 0.99 11.4115 7.45728 9.73905 3.46447 33.8165 1.25766 32.5492 0.0046662 51.7475 39.6236 1.23418 26.7892 11.5953 111.387
9261365248 0.99 10.7891 6.80631 8.84829 3.21138 35.7665 3.01296 32.7439 0.00469344 56.696 43.6119 2.59633 29.1341 11.8765 120.163
9261381632 0.99 13.8517 8.06644 10.8682 3.63771 27.8588 1.55342 26.295 0.00500108 47.8391 35.5065 1.72852 25.2949 8.47799 106.081
9261588480 0.99 10.4795 7.42083 8.20716 3.55611 36.8241 2.75443 33.0286 1.03597 52.0022 47.0199 3.42679 36.5276 7.06042 108.517
9261588480 0.99 11.4996 8.11435 9.58801 3.62884 33.5575 2.21241 31.3353 0.00488568 47.5577 40.2481 1.54736 28.4462 10.2496 106.342
9261504512 0.99 11.3161 6.45079 9.46688 3.46776 34.1014 2.13498 30.2744 1.68706 59.8215 40.7627 4.11048 27.969 8.67838 111.281
9261465600 0.99 12.2156 9.53496 9.32913 3.31571 31.5902 1.62702 29.9526 0.00514048 40.4715 41.3645 0.816034 33.3063 7.23714 116.384
9261402112 0.99 11.4408 8.21248 9.34137 3.55092 33.7295 0.694534 32.5246 0.505181 46.9885 41.31 2.82559 26.9975 11.482 108.674
9261375488 0.99 10.9792 7.50269 9.05219 3.22687 35.1475 3.10188 32.0358 0.0048376 51.4336 42.6295 2.07654 32.3875 8.16043 119.587
9261381632 0.99 10.5792 7.58742 9.11081 3.56596 36.4763 3.17607 29.1549 4.14027 50.8593 42.3553 4.15176 28.6255 9.57309 108.215
9261543424 0.99 11.2123 8.60935 9.17195 3.32702 34.4174 5.78174 27.2537 1.37689 44.8231 42.0737 7.37322 26.4722 8.2233 115.989
9261533184 0.99 11.735 7.92065 9.40661 3.70961 32.8844 4.21768 28.5759 0.0857152 48.7204 41.0241 5.53904 28.7815 6.69847 104.026
9261481984 0.99 11.6344 7.34567 9.38844 3.3183 33.1686 2.6506 30.4587 0.0543403 52.5337 41.1032 2.59907 28.0154 10.4835 116.293
9261547520 0.99 11.8729 6.44898 9.94926 3.45501 32.5024 3.63573 28.857 0.0046934 59.8386 38.7866 3.52364 23.589 11.669 111.692
9261377536 0.99 12.3904 7.31268 9.93761 3.48886 31.1442 3.28145 27.8301 0.0275771 52.7701 38.8313 4.12223 26.8295 7.87454 110.607
9261367296 0.99 10.5783 7.34577 8.20913 3.18479 36.4793 6.21965 29.2264 1.02823 52.5323 47.0074 7.49831 30.7064 8.79769 121.167
9261527040 0.99 11.9092 7.74776 9.59851 3.6085 32.4032 2.48259 29.7877 0.127969 49.8076 40.2038 2.64344 29.3841 8.17129 106.941
9261373440 0.99 11.6032 8.79961 9.08352 3.52275 33.2571 4.48877 28.758 0.00531988 43.8531 42.4825 4.42135 28.7461 9.31 109.542
9261768704 0.99 11.7927 6.82837 10.097 3.36334 32.7242 3.84012 26.6968 2.18204 56.5152 38.2198 3.84108 24.8422 9.53154 114.739
9261332480 0.99 12.0837 7.19051 9.55153 3.49255 31.9347 2.70276 29.2222 0.00476532 53.6664 40.4007 2.2407 25.3167 12.8384 110.489
9261191168 0.99 11.127 7.2954 9.05145 3.38421 34.6798 4.38582 30.2832 0.00513252 52.894 42.6322 4.35937 30.2208 8.04707 114.025
9261514752 0.99 12.1256 8.51881 10.4112 3.71002 31.8249 2.47951 28.2296 1.11084 45.2993 37.0654 2.87039 24.8356 9.35449 104.015
