144971776 0.8 7.81789 7.14269 8.47659 3.54372 0.77265 0.124312 0.618737 0.0246592 0.845689 0.712608 0.0902946 0.427047 0.19029 1.70456
144955392 0.8 7.85437 9.14181 8.65456 3.30227 0.768974 0.0812893 0.658938 0.0237537 0.66068 0.697876 0.0565741 0.436582 0.199691 1.82899
145088512 0.8 7.39833 8.49606 8.54074 2.71937 0.817125 0.113259 0.694096 0.00483912 0.711548 0.707825 0.0663245 0.444412 0.192187 2.22307
145025024 0.8 7.48908 9.95352 8.50566 3.30117 0.806869 0.0755414 0.721472 0.00487616 0.607093 0.710434 0.0698209 0.453457 0.182169 1.83047
144803840 0.8 7.67761 8.3135 8.97397 3.58667 0.785855 0.0335332 0.718422 0.0289391 0.725747 0.672333 0.0467689 0.448424 0.172196 1.6822
144967680 0.8 7.58202 7.17816 8.66858 3.5422 0.796664 0.052193 0.717466 0.022012 0.841486 0.696806 0.0336597 0.419922 0.238008 1.70524
145033216 0.8 8.3213 9.34957 8.77865 3.45078 0.726215 0.116781 0.599605 0.00492732 0.646345 0.688381 0.0785523 0.406224 0.198342 1.75121
145223680 0.8 7.42248 9.01185 8.74229 3.61269 0.815224 0.0575819 0.731855 0.0206547 0.671448 0.692151 0.0503212 0.450977 0.185847 1.67493
144936960 0.8 7.46868 9.06115 8.81029 3.35215 0.808582 0.10563 0.677463 0.0205025 0.666476 0.685453 0.043574 0.460537 0.176421 1.80154
144838656 0.8 8.09239 5.85192 9.08092 3.10477 0.745756 0.0624194 0.659759 0.0186294 1.03128 0.664574 0.051573 0.397851 0.209945 1.94376
145055744 0.8 7.62669 9.09287 8.75366 3.51487 0.792478 0.0749919 0.689577 0.022927 0.664696 0.690452 0.0750897 0.436284 0.174185 1.71955
144875520 0.8 7.06213 3.5327 8.39728 3.44555 0.854768 0.111804 0.712383 0.0256159 1.70875 0.718861 0.102958 0.402841 0.207929 1.75197
145158144 0.8 8.01151 9.19915 8.45537 3.60063 0.754945 0.0560164 0.52628 0.167657 0.65748 0.715315 0.0494513 0.401357 0.259616 1.67978
145039360 0.8 6.68627 5.44553 8.0489 3.09235 0.903838 0.111826 0.746887 0.039999 1.10977 0.750824 0.0617064 0.465214 0.218967 1.95427
144887808 0.8 7.34475 8.76738 8.64865 3.13033 0.821946 0.0470446 0.748781 0.0211115 0.688574 0.698027 0.0389061 0.427023 0.227006 1.92855
145143808 0.8 6.90178 9.3695 8.32019 3.27148 0.876246 0.0423448 0.79811 0.0308285 0.645462 0.726865 0.0379141 0.440241 0.243257 1.8486
145229824 0.8 7.79097 10.4083 8.78119 3.53281 0.7767 0.0465654 0.701653 0.0233917 0.581384 0.689114 0.0382331 0.438142 0.207841 1.71287
145188864 0.8 7.59301 6.11863 8.74753 3.01061 0.796725 0.0941068 0.692795 0.00487444 0.988707 0.691571 0.0704444 0.392057 0.223973 2.0094
145051648 0.8 7.77242 9.65037 8.73726 3.48044 0.777598 0.0668197 0.701128 0.00475744 0.626278 0.69173 0.0567342 0.448966 0.181109 1.73651
145156096 0.8 7.59484 10.1874 8.68017 2.98824 0.796353 0.0838001 0.702589 0.00487764 0.593689 0.69678 0.0542874 0.424675 0.21277 2.02399
144979968 0.8 7.66979 8.83415 8.4027 3.04836 0.787613 0.0603732 0.697306 0.0248964 0.683804 0.718916 0.0539558 0.454563 0.205204 1.98167
144834560 0.8 8.07666 9.64975 8.58151 3.23988 0.747187 0.087215 0.650199 0.00487448 0.625381 0.70323 0.119001 0.40386 0.17547 1.86265
144836608 0.8 7.62566 9.30244 8.58734 3.49431 0.791389 0.122788 0.645981 0.0177528 0.648739 0.702762 0.0990727 0.397548 0.20123 1.72705
145072128 0.8 7.25651 8.59535 8.75242 3.19623 0.832999 0.0557054 0.742347 0.0299214 0.703249 0.690629 0.0478026 0.438627 0.19927 1.89119
145170432 0.8 7.54954 8.67458 8.69811 3.47704 0.80121 0.116265 0.659494 0.0205362 0.697298 0.695412 0.079775 0.385476 0.225258 1.73963
144902144 0.8 7.21006 9.28128 8.28452 3.4099 0.837384 0.124996 0.688724 0.0186246 0.650513 0.72878 0.117297 0.409827 0.19673 1.77061
144861184 0.8 7.387 8.38819 8.84194 3.4486 0.817096 0.0409009 0.729392 0.0417216 0.71957 0.682642 0.0335973 0.457973 0.186132 1.75024
145020928 0.8 7.49831 9.32529 8.91187 3.45472 0.805853 0.111142 0.666817 0.0229478 0.647973 0.678032 0.061213 0.395648 0.216236 1.74907
144986112 0.8 7.10303 8.64372 8.38056 3.36069 0.850494 0.0568159 0.769128 0.019538 0.698899 0.720845 0.0600081 0.456899 0.199004 1.79757
145149952 0.8 8.15146 9.27968 8.93268 3.29426 0.741942 0.0841079 0.627445 0.0254907 0.651737 0.677055 0.0549892 0.408943 0.20757 1.8359
144820224 0.8 7.65684 7.41799 8.33904 3.12509 0.788076 0.0860851 0.67627 0.020764 0.813452 0.723606 0.0412761 0.432703 0.244722 1.93088
144918528 0.8 7.39498 8.31584 8.62836 2.79152 0.816537 0.0610848 0.732889 0.0175141 0.726117 0.699817 0.0415547 0.445096 0.208279 2.16308
145031168 0.8 7.83656 9.42689 8.69407 3.34444 0.771125 0.0997167 0.661255 0.00510528 0.641035 0.695067 0.0716365 0.421624 0.196873 1.80687
145238016 0.8 7.43829 9.3158 8.44053 3.46992 0.813572 0.0548691 0.729472 0.0242298 0.649604 0.716967 0.0349034 0.447182 0.229839 1.74401
144936960 0.8 7.56959 4.62968 8.36547 3.13509 0.797803 0.106613 0.66597 0.0203246 1.30442 0.721901 0.0770846 0.439457 0.200448 1.92627
144902144 0.8 7.62738 9.23204 8.73058 3.39028 0.791568 0.050956 0.730692 0.0048104 0.653982 0.691545 0.0408033 0.44467 0.200974 1.78085
144852992 0.8 7.21591 9.85653 8.72539 3.36387 0.836421 0.0430675 0.783597 0.0048248 0.612339 0.691722 0.034618 0.436172 0.215938 1.79423
144887808 0.8 7.36866 9.53356 8.92316 3.10526 0.81928 0.102335 0.707135 0.0049098 0.633236 0.676553 0.0474707 0.441864 0.182243 1.94412
144926720 0.8 7.77365 3.94119 8.73799 2.97642 0.776805 0.0977459 0.668907 0.0050924 1.53218 0.691076 0.0718193 0.412303 0.202057 2.02882
145149952 0.8 6.92561 7.90623 8.29341 3.06422 0.873268 0.105949 0.732478 0.0298092 0.764956 0.729243 0.073968 0.431896 0.218464 1.97372
289972224 0.8 9.22249 8.52495 10.1085 3.94816 1.31008 0.120521 1.12148 0.0630269 1.41727 1.19525 0.07558 0.80477 0.309764 3.06021
289882112 0.8 9.12754 7.05714 9.40849 3.07672 1.32329 0.0726188 1.2244 0.0213742 1.71152 1.28378 0.0821657 0.897929 0.298708 3.92575
289878016 0.8 10.1027 9.6674 9.78776 3.71299 1.19554 0.0875947 0.99079 0.112166 1.24938 1.23402 0.0883943 0.830542 0.310152 3.25297
289533952 0.8 9.34887 5.16507 9.63546 3.46943 1.29041 0.192902 1.07191 0.020666 2.33567 1.25203 0.116726 0.68147 0.448267 3.4772
289705984 0.8 10.2274 5.58719 10.1301 3.93225 1.18026 0.127574 1.04232 0.005086 2.16049 1.1916 0.117317 0.778542 0.290749 3.06977
289624064 0.8 8.99252 7.8822 9.2347 3.57211 1.34197 0.195033 1.09527 0.0466568 1.531 1.30678 0.182767 0.774214 0.344894 3.37831
289839104 0.8 9.59258 4.05345 10.049 3.4756 1.25896 0.121527 1.1274 0.0048184 2.97935 1.20177 0.0710179 0.76829 0.357174 3.47468
289585152 0.8 10.0532 5.78137 10.2695 3.72039 1.20022 0.106993 1.08302 0.00523968 2.08706 1.17494 0.0729167 0.83166 0.265476 3.24322
289746944 0.8 9.73735 9.50755 9.70798 3.97244 1.23984 0.0990052 1.13109 0.00482956 1.26981 1.24359 0.0915685 0.84092 0.306199 3.03914
289828864 0.8 9.82768 9.50961 9.89501 3.822 1.2288 0.0389765 1.18005 0.00484728 1.26989 1.22043 0.028734 0.922538 0.26371 3.15965
289566720 0.8 8.8493 8.89832 9.90406 3.97736 1.36342 0.126352 1.22731 0.00477664 1.35591 1.21822 0.0868159 0.847269 0.279114 3.03349
289982464 0.8 9.38289 9.05812 9.66309 3.6714 1.28773 0.140868 1.12125 0.0206948 1.3339 1.25039 0.0833164 0.742274 0.419645 3.291
289675264 0.8 9.65772 9.24728 9.90884 3.58326 1.24976 0.179118 1.04029 0.0253403 1.30523 1.21808 0.168773 0.740625 0.303784 3.36839
289939456 0.8 9.07083 7.17909 9.58086 4.04491 1.33183 0.0702775 1.24974 0.0063134 1.68278 1.26093 0.0637012 0.908562 0.283756 2.98667
289765376 0.8 9.44772 3.63831 9.90486 3.52637 1.27793 0.141762 1.05244 0.078759 3.31846 1.21895 0.121865 0.787261 0.304821 3.4238
289732608 0.8 9.5007 5.29787 9.88011 2.91837 1.27066 0.0678132 1.19319 0.00474944 2.27869 1.22187 0.0574826 0.892101 0.267309 4.13663
289996800 0.8 10.4623 8.68522 10.3718 3.59042 1.15493 0.0734936 1.01867 0.0578096 1.39124 1.165 0.0376097 0.745139 0.377299 3.3654
289908736 0.8 9.63015 9.11332 10.1051 3.86266 1.25434 0.084757 1.15987 0.00477192 1.32548 1.19539 0.0719828 0.793191 0.325258 3.12726
289654784 0.8 9.43206 7.55389 9.82522 3.63754 1.27957 0.118157 1.15145 0.00491776 1.59771 1.22836 0.120404 0.72055 0.382438 3.31788
289845248 0.8 8.98716 4.81228 10.0044 4.16337 1.34379 0.0829461 1.25043 0.00495784 2.5096 1.20715 0.0719809 0.890362 0.239902 2.90075
289757184 0.8 9.0905 9.28773 9.3625 3.98601 1.32811 0.236928 1.08142 0.00484724 1.29991 1.28953 0.0979765 0.799993 0.386317 3.0289
289722368 0.8 8.61002 8.90292 9.54869 3.83304 1.40206 0.0770718 1.29557 0.0243578 1.35593 1.26423 0.0696304 0.857845 0.331776 3.14939
289746944 0.8 9.84774 4.97711 9.92412 3.46335 1.22595 0.133897 1.06455 0.0225296 2.42566 1.21651 0.123177 0.827515 0.260909 3.48587
289845248 0.8 9.37596 7.92475 10.1816 3.91182 1.28807 0.0560115 1.22243 0.00474316 1.52395 1.18615 0.0475701 0.801538 0.332127 3.08728
289613824 0.8 8.86075 8.76423 9.42235 3.70618 1.36188 0.127646 1.20009 0.0291923 1.37687 1.2807 0.117583 0.755518 0.402658 3.25598
289648640 0.8 9.20098 8.34953 9.55666 3.46776 1.31168 0.192692 1.08082 0.0332079 1.44543 1.26286 0.186904 0.796438 0.274595 3.48025
289873920 0.8 8.61527 9.93011 10.1161 3.89856 1.40194 0.215784 1.15557 0.0256799 1.21631 1.19394 0.0930604 0.820187 0.275763 3.09808
289642496 0.8 9.30684 9.0221 9.76848 3.75764 1.29673 0.0698802 1.19575 0.0261381 1.33765 1.23545 0.0652158 0.821488 0.343814 3.21171
289689600 0.8 7.8223 6.51563 9.58801 3.39512 1.54308 0.130351 1.40308 0.00474636 1.85253 1.25891 0.056824 0.934823 0.262338 3.55522
289646592 0.8 9.32825 4.92542 9.60739 3.88667 1.29377 0.155155 1.11609 0.0175702 2.45027 1.25618 0.0888973 0.845266 0.317076 3.10513
289890304 0.8 7.57 8.11002 9.24804 3.56116 1.59561 0.0842679 1.4751 0.031282 1.48936 1.30609 0.0737805 0.856189 0.369942 3.39181
289943552 0.8 9.19394 8.57708 9.77433 3.63531 1.31402 0.143597 1.16063 0.00481672 1.40852 1.23599 0.0961291 0.880233 0.254711 3.32323
289910784 0.8 9.55458 9.49344 10.1298 4.12325 1.26427 0.0725627 1.18203 0.0047912 1.27242 1.19249 0.0624771 0.84104 0.284062 2.92964
289497088 0.8 9.96835 3.658 10.2156 4.17294 1.21007 0.0515744 1.12415 0.0293926 3.29753 1.18079 0.0380279 0.801505 0.33606 2.89062
289718272 0.8 10.1084 9.12544 9.76637 3.71329 1.19422 0.181279 0.988994 0.018961 1.32285 1.23604 0.138817 0.800067 0.291874 3.25092
289775616 0.8 9.24133 8.38099 9.65617 3.75509 1.30652 0.077628 1.20445 0.0195122 1.44064 1.25039 0.0756793 0.854661 0.314682 3.21537
289738752 0.8 10.1541 4.8908 10.7917 3.65131 1.18892 0.15503 1.00695 0.0220472 2.4684 1.11868 0.13212 0.677348 0.304289 3.30633
289861632 0.8 9.4826 9.64628 9.61326 3.89244 1.27366 0.0930059 1.17049 0.00522048 1.25204 1.25634 0.0883685 0.750116 0.412685 3.10283
289525760 0.8 9.72464 10.1832 10.2517 4.03627 1.24052 0.104205 1.12661 0.0048024 1.18465 1.17674 0.103141 0.755979 0.312468 2.98879
289607680 0.8 9.62496 7.29534 9.62861 3.88768 1.25372 0.14583 1.09798 0.00498504 1.65407 1.25324 0.116641 0.766883 0.364816 3.10391
579272704 0.8 11.3137 7.71803 10.7785 3.77082 2.13338 0.193397 1.93023 0.00481992 3.12727 2.23931 0.181567 1.45182 0.600422 6.40083
579049472 0.8 10.956 9.7025 10.6539 4.06422 2.20218 0.180732 1.97649 0.0399571 2.48668 2.26462 0.209413 1.55094 0.499324 5.93646
579201024 0.8 11.1991 6.26532 10.5446 4.10934 2.15495 0.124794 1.94723 0.0779595 3.8519 2.28868 0.189298 1.46058 0.633793 5.87281
579258368 0.8 10.6073 9.57168 9.95391 3.68923 2.2754 0.235447 2.02982 0.0051646 2.52158 2.42475 0.156856 1.57914 0.683623 6.54223
579172352 0.8 10.8239 3.99673 10.3257 4.30522 2.22952 0.0962492 2.12358 0.0047526 6.03799 2.33709 0.130121 1.69285 0.50886 5.60533
579020800 0.8 11.0381 10.0609 10.9767 4.1055 2.18568 0.1922 1.98248 0.0057108 2.39797 2.19791 0.208269 1.51135 0.473351 5.87647
579393536 0.8 11.8533 5.53777 10.9807 3.52385 2.03669 0.190026 1.81185 0.0298812 4.35941 2.19852 0.184451 1.4495 0.559496 6.85086
578942976 0.8 10.0417 6.91349 10.2394 4.0536 2.40225 0.160592 2.20452 0.0318346 3.48921 2.35587 0.066746 1.63081 0.653386 5.95092
579377152 0.8 10.5075 9.31971 10.6146 4.42609 2.29748 0.15169 2.13504 0.00521892 2.59029 2.27429 0.137604 1.49104 0.640346 5.45419
579311616 0.8 10.8454 7.75103 10.3512 3.46615 2.22564 0.148961 2.03344 0.0382971 3.11416 2.3319 0.109257 1.84374 0.37398 6.96391
579041280 0.8 9.78116 9.47779 10.0838 4.06336 2.46665 0.13732 2.31928 0.00499796 2.54561 2.39263 0.112687 1.81941 0.4556 5.93763
579205120 0.8 10.3146 9.3197 10.2902 3.96217 2.33974 0.164181 2.16588 0.00473504 2.58952 2.34528 0.161449 1.72576 0.45264 6.09099
578975744 0.8 10.8823 3.63413 10.0595 3.99453 2.2168 0.144209 2.06285 0.00478164 6.63818 2.39813 0.116965 1.73543 0.540307 6.03925
579231744 0.8 10.6153 8.56306 10.1309 3.88824 2.27357 0.172901 2.07104 0.0245726 2.81846 2.38228 0.152974 1.68887 0.535388 6.20709
579076096 0.8 10.1516 3.79431 10.039 3.88705 2.37678 0.142509 2.22373 0.00543536 6.35904 2.40344 0.127736 1.6327 0.637458 6.20732
579215360 0.8 10.0725 4.3611 9.98078 3.63671 2.39602 0.159606 2.14474 0.086646 5.53391 2.41805 0.131696 1.77859 0.502277 6.63621
579026944 0.8 11.1276 4.17795 10.7552 3.65073 2.16813 0.253707 1.86299 0.046378 5.77463 2.24321 0.220398 1.40667 0.611089 6.60858
578889728 0.8 11.0811 9.03136 10.8487 3.82731 2.17672 0.151245 1.95779 0.0627112 2.67074 2.22335 0.148096 1.39089 0.678558 6.30218
579284992 0.8 11.0211 7.33496 10.6888 4.25388 2.19006 0.181958 1.98185 0.0212284 3.29066 2.25814 0.17367 1.42538 0.65417 5.67409
579074048 0.8 10.1007 9.28972 10.1035 3.8005 2.38875 0.282058 2.06726 0.0343649 2.59729 2.38809 0.104596 1.71312 0.565439 6.34866
579362816 0.8 10.4609 2.94508 10.3268 3.44025 2.30765 0.176723 2.03505 0.0908844 8.19676 2.33762 0.249095 1.52269 0.560809 7.01697
578975744 0.8 10.8342 9.13472 10.0377 4.14429 2.22665 0.125482 2.09143 0.00477672 2.64091 2.40333 0.14322 1.57961 0.675417 5.82102
579287040 0.8 11.0971 10.3759 10.7265 4.00955 2.17508 0.134208 1.99846 0.0374095 2.32626 2.25022 0.121942 1.63201 0.491123 6.01987
578934784 0.8 10.9556 9.81291 10.5355 4.24867 2.20182 0.239992 1.89944 0.0573944 2.45822 2.28963 0.230525 1.58258 0.471568 5.67761
579371008 0.8 10.7745 5.5575 10.5809 3.7988 2.24053 0.0908059 2.14002 0.00475748 4.34376 2.28151 0.0772673 1.67979 0.519532 6.35475
579145728 0.8 10.0105 9.47105 10.2075 3.95126 2.41058 0.0615366 2.29152 0.0525537 2.54788 2.36406 0.0551608 1.71549 0.588191 6.10718
578940928 0.8 10.4723 8.43092 10.533 4.21299 2.30345 0.37485 1.87825 0.0453764 2.8612 2.2902 0.236655 1.38144 0.667134 5.72576
578926592 0.8 10.6515 5.10449 10.7772 3.59062 2.26466 0.174215 2.08006 0.00519172 4.72563 2.23824 0.168557 1.54685 0.517875 6.71804
579174400 0.8 11.304 5.07222 10.5404 3.87104 2.13484 0.183879 1.92674 0.0191166 4.75773 2.2895 0.183682 1.56953 0.531306 6.23405
578904064 0.8 9.85987 2.97587 10.1814 3.87299 2.44638 0.0503856 2.36663 0.0243355 8.10552 2.36912 0.0563416 1.73553 0.572318 6.228
579198976 0.8 10.9092 10.4281 10.7261 4.17103 2.21219 0.15697 2.02952 0.0207383 2.31426 2.24995 0.162471 1.54592 0.536609 5.78593
578899968 0.8 10.8877 4.97338 10.2173 3.56376 2.21543 0.146433 2.05924 0.00474472 4.84999 2.36079 0.239854 1.53352 0.582438 6.76837
579188736 0.8 10.5264 9.67596 10.3151 3.6443 2.2926 0.0992136 2.18358 0.0047528 2.4941 2.33957 0.0869458 1.62742 0.620281 6.62209
579151872 0.8 9.96704 5.03619 10.1145 3.46329 2.42111 0.130499 2.24198 0.0436508 4.79158 2.38582 0.17452 1.72732 0.478972 6.96775
579399680 0.8 10.222 4.31692 9.95943 3.42114 2.36174 0.292813 2.00131 0.0626007 5.59233 2.424 0.181788 1.47423 0.763025 7.05662
579188736 0.8 11.2064 5.27086 10.5221 3.86038 2.15349 0.0691206 2.07453 0.00486972 4.57855 2.29354 0.0592356 1.51541 0.713988 6.25142
579092480 0.8 11.3321 6.20308 10.6672 4.04901 2.12924 0.247435 1.87217 0.0047046 3.88982 2.26197 0.232659 1.38777 0.636612 5.9592
578928640 0.8 10.158 9.32559 10.3168 3.56891 2.37469 0.11824 2.24598 0.0052846 2.58665 2.33813 0.102141 1.63494 0.596126 6.75893
579321856 0.8 11.4213 9.2654 10.9352 3.83737 2.11345 0.073162 2.03052 0.00470144 2.60522 2.20741 0.0688035 1.50069 0.63275 6.29035
579088384 0.8 10.5728 8.96538 10.1497 3.60573 2.28215 0.23554 2.00103 0.0405131 2.69132 2.37727 0.126679 1.66528 0.580376 6.69175
1158000640 0.8 11.7262 6.46545 10.8026 3.42459 4.11473 0.106187 3.84857 0.154975 7.46275 4.46652 0.0960505 3.32655 1.03888 14.0893
1158051840 0.8 12.0794 4.914 11.056 4.36414 3.9946 0.283998 3.61954 0.0860195 9.81933 4.36435 0.337366 3.02885 0.992704 11.0565
1157984256 0.8 11.3791 4.12329 10.2966 3.65008 4.24016 0.191663 3.92152 0.121992 11.7016 4.68593 0.223748 3.27111 1.18592 13.2187
1157943296 0.8 11.4746 5.22245 10.1991 4.21857 4.20472 0.467323 3.68235 0.0494834 9.23851 4.73057 0.556203 3.28787 0.881542 11.437
1158019072 0.8 12.5141 9.83271 11.1842 4.10642 3.85572 0.240263 3.60557 0.00488888 4.90717 4.31419 0.16091 3.17932 0.96899 11.7501
1158164480 0.8 11.594 10.3329 10.6115 4.33036 4.16222 0.184433 3.96788 0.00494504 4.67022 4.54758 0.0904552 3.55486 0.89721 11.1438
1158051840 0.8 11.2141 4.36938 11.0158 4.16647 4.3028 0.346613 3.8719 0.0793039 11.0433 4.38026 0.445408 2.99323 0.936652 11.5811
1157754880 0.8 11.445 8.29037 10.354 4.17488 4.21493 0.348831 3.85564 0.00517744 5.81877 4.65907 0.159278 3.10304 1.39182 11.5548
1157982208 0.8 12.0248 9.49091 11.3219 4.61803 4.0125 0.0796051 3.92276 0.00511484 5.08374 4.26157 0.068321 3.30928 0.879006 10.448
1158166528 0.8 11.6176 9.58198 10.8939 3.99693 4.15376 0.412228 3.73186 0.0046726 5.03622 4.42972 0.403927 3.02706 0.993229 12.0735
1158096896 0.8 12.3169 8.89515 11.1709 4.06326 3.91772 0.345067 3.52674 0.0409442 5.42476 4.31964 0.200994 3.07334 1.04016 11.8757
1157822464 0.8 11.0829 8.77897 10.14 4.2036 4.3529 0.444622 3.89348 0.00813528 5.49525 4.75765 0.424582 3.36306 0.965057 11.4765
1157885952 0.8 11.5913 9.25144 10.8997 4.52378 4.1622 0.404884 3.72879 0.0234942 5.21489 4.42628 0.253814 2.97671 1.19077 10.6648
1158215680 0.8 11.5634 4.47455 11.0923 4.38038 4.17343 0.288991 3.8574 0.0220872 10.7852 4.35067 0.276741 2.96602 1.10297 11.0171
1158062080 0.8 12.0753 8.72462 11.3504 4.74463 3.99599 0.351154 3.56285 0.0763762 5.53062 4.25118 0.243736 3.05816 0.944273 10.1699
1158000640 0.8 11.5578 9.30282 10.6914 4.39892 4.17468 0.437075 3.66667 0.0659207 5.1866 4.51297 0.249317 3.21494 1.04346 10.9686
1157715968 0.8 11.5483 6.11707 10.8142 4.1779 4.17707 0.820184 3.34601 0.00528312 7.88583 4.46061 0.706763 2.7754 0.973273 11.546
1157888000 0.8 12.6814 5.60942 11.6782 3.59147 3.80442 0.287458 3.50622 0.00522532 8.60076 4.13124 0.404032 2.83544 0.886811 13.4333
1158066176 0.8 10.0085 6.77834 10.0231 4.26939 4.82116 0.245488 4.53964 0.0310448 7.11867 4.81416 0.232831 3.63066 0.945574 11.302
1158053888 0.8 11.4935 5.89214 10.7455 4.20923 4.19823 0.400606 3.74407 0.0484836 8.18925 4.49045 0.312407 3.14724 1.02575 11.4634
1157947392 0.8 12.6852 5.53239 11.4106 4.19836 3.80347 0.311155 3.48249 0.00486336 8.72097 4.22834 0.291885 2.98415 0.947362 11.4921
1157900288 0.8 10.9521 8.43193 10.3753 4.19106 4.40516 0.521226 3.69459 0.18436 5.72181 4.65005 0.343187 3.3884 0.913529 11.5116
1157693440 0.8 11.9931 9.3514 10.5322 3.81311 4.02207 0.649109 3.36323 0.00480712 5.15829 4.57996 0.637681 2.8461 1.09121 12.6503
1157994496 0.8 12.0796 9.54209 11.4852 4.01336 3.99432 0.304292 3.66004 0.0250053 5.05652 4.20105 0.298368 3.24886 0.648728 12.0223
1157726208 0.8 11.7885 4.71782 11.0358 3.80426 4.092 0.470592 3.54419 0.0722245 10.2248 4.3711 0.256347 3.06897 1.04074 12.6801
1157945344 0.8 11.9789 10.1839 10.9504 4.22855 4.02773 0.469395 3.54845 0.00497544 4.73763 4.40601 0.418742 3.10502 0.877076 11.41
1158006784 0.8 11.7546 5.04861 10.779 4.06869 4.10479 0.33137 3.68412 0.0841593 9.55714 4.47634 0.238498 3.30273 0.930164 11.8589
1157785600 0.8 11.7591 6.60404 10.9382 4.17804 4.10246 0.304889 3.76253 0.0296588 7.30478 4.41033 0.300051 3.23758 0.867746 11.5463
1157728256 0.8 12.5889 9.36037 11.8753 4.33267 3.83184 0.278303 3.49811 0.0503935 5.1535 4.0621 0.263273 2.80482 0.989044 11.1337
1157756928 0.8 11.6969 5.64753 10.4496 3.97478 4.12416 0.208274 3.81192 0.0989526 8.54176 4.61642 0.128531 3.3679 1.11498 12.1365
1158076416 0.8 11.5358 8.82033 10.4988 4.15328 4.18292 0.342957 3.82981 0.0049546 5.47068 4.59606 0.263698 3.37692 0.95046 11.6181
1157812224 0.8 12.2702 8.45481 10.516 3.78105 3.93165 0.383309 3.53719 0.00550252 5.70588 4.58749 0.405329 3.13342 1.04381 12.7589
1157765120 0.8 12.2092 4.10848 10.5434 4.07215 3.95112 0.209888 3.69637 0.0398948 11.7416 4.57538 0.179436 3.42165 0.969158 11.8464
1158086656 0.8 11.0446 7.79979 10.2138 4.15001 4.36898 0.543996 3.81391 0.0056036 6.18652 4.72434 0.383965 3.10132 1.23411 11.6273
1158086656 0.8 11.7148 7.39639 10.8736 3.55386 4.11903 0.419919 3.64969 0.0443492 6.52394 4.43769 0.407084 3.05923 0.966421 13.5778
1157961728 0.8 12.0001 3.73492 11.1009 2.94612 4.02068 0.13218 3.8785 0.0048568 12.9182 4.34635 0.158416 3.24728 0.935716 16.377
1157875712 0.8 12.4001 5.29894 11.2073 3.95214 3.89069 0.40078 3.47959 0.00521912 9.10462 4.30478 0.339324 3.03038 0.930141 12.2073
1158041600 0.8 11.8116 9.21558 11.0868 4.34891 4.0851 0.450275 3.62501 0.00477188 5.23589 4.35217 0.414109 3.0315 0.901579 11.0951
1157812224 0.8 11.4501 9.68138 11.0777 4.13388 4.21326 0.17164 4.03193 0.00473508 4.98299 4.35489 0.277252 2.96209 1.11051 11.67
1157844992 0.8 11.587 5.0569 10.627 4.20495 4.16361 0.155397 3.62566 0.377599 9.54015 4.53972 0.391869 3.23538 0.907434 11.473
2315567104 0.8 11.8862 5.95034 10.6652 4.30359 8.11716 1.07344 6.94959 0.089141 16.2145 9.0464 0.298695 6.59836 2.14367 22.419
2315585536 0.8 10.7421 8.57257 10.1298 4.23352 8.98176 0.892875 8.04668 0.0372043 11.2548 9.52465 0.749047 6.92155 1.84902 22.7902
2315663360 0.8 13.0996 7.90406 11.4478 4.43111 7.36557 0.612637 6.70777 0.0401509 12.2071 8.42837 0.606138 5.64581 2.17135 21.7747
2315436032 0.8 11.6587 8.62343 10.278 4.13489 8.27505 0.311862 7.95349 0.00474152 11.1877 9.38668 0.265423 7.46645 1.64988 23.3323
2315653120 0.8 11.1747 8.60101 10.191 3.92826 8.6343 0.969615 7.65492 0.00473984 11.2179 9.4677 0.912561 6.63157 1.91857 24.5619
2315393024 0.8 12.2124 5.77225 11.102 3.7798 7.89974 0.80956 6.2409 0.843894 16.7135 8.68984 0.81 6.07713 1.79777 25.5238
2315796480 0.8 11.1766 5.85058 10.3401 4.14327 8.63332 1.24259 6.83822 0.54741 16.4926 9.33173 1.49833 6.50368 1.32481 23.2888
2315565056 0.8 11.6312 9.34024 10.591 4.28191 8.29508 0.190225 8.09497 0.00482484 10.3297 9.10981 0.179351 6.18014 2.74528 22.5324
2315732992 0.8 11.0316 7.03117 10.4226 4.21849 8.74657 0.409228 7.30229 1.03002 13.723 9.25762 0.672362 6.38331 2.19686 22.8729
2315452416 0.8 11.2872 5.86426 10.3454 4.247 8.5475 1.14719 7.39013 0.00516292 16.4517 9.32561 1.00587 6.22791 2.08666 22.7166
2315431936 0.8 11.7564 5.75374 10.3191 4.30209 8.20628 0.817827 7.37864 0.00487432 16.7676 9.34929 0.591672 6.89279 1.85962 22.4255
2315503616 0.8 11.2308 8.98984 10.5365 4.20811 8.59063 1.14222 7.3607 0.0826802 10.732 9.15665 1.12083 5.97374 2.0571 22.927
2315679744 0.8 12.3827 7.28246 10.3141 3.92662 7.79207 0.664967 6.7804 0.341703 13.2492 9.35486 1.17083 6.57878 1.60029 24.5724
2315520000 0.8 12.2894 6.74302 11.2623 4.4243 7.85069 0.831609 7.00941 0.00471264 14.3081 8.5666 0.661871 6.06065 1.83909 21.8069
2315417600 0.8 11.831 8.90534 10.5222 4.3569 8.15451 0.220758 7.48157 0.447066 10.8335 9.16882 0.33033 6.77764 2.05589 22.1432
2315280384 0.8 11.8524 10.0824 10.5925 4.34729 8.13929 0.0801484 7.44562 0.608541 9.5682 9.10736 0.290571 6.83937 1.97246 22.1908
2315810816 0.8 11.7056 9.95685 10.3971 4.59758 8.24324 1.19246 7.04095 0.00473988 9.69102 9.28071 1.45033 6.32587 1.49957 20.9876
2315610112 0.8 11.9172 8.01478 10.022 3.66929 8.09616 0.884686 7.15914 0.0473377 12.0382 9.62719 0.958547 6.76439 1.89923 26.2949
2315630592 0.8 12.2612 8.61259 11.5167 4.22136 7.86908 0.29487 7.50002 0.0690982 11.2027 8.37782 0.281784 6.27662 1.81445 22.8563
2315653120 0.8 11.4506 9.11399 10.3632 4.33465 8.42624 0.729695 7.56473 0.126847 10.5865 9.31042 0.726267 6.84187 1.73713 22.2591
2315649024 0.8 11.8359 8.50608 10.4376 4.27272 8.15195 0.590662 7.28859 0.267615 11.3431 9.24403 0.52615 6.7653 1.94744 22.5817
2315413504 0.8 12.5562 10.3815 11.0604 4.58371 7.68348 0.57895 7.0948 0.00474296 9.29306 8.72259 0.569019 6.25223 1.89639 21.0475
2315767808 0.8 12.0254 5.465 10.5949 3.9227 8.02387 0.468656 7.38594 0.164269 17.656 9.10729 0.561226 6.3839 2.15707 24.5979
2314977280 0.8 10.9934 3.48824 9.47195 3.81653 8.77412 0.527289 8.05957 0.182314 27.6522 10.1835 0.509198 7.1965 2.47283 25.2736
2315810816 0.8 11.9479 6.3473 10.5758 4.14381 8.07608 0.431094 7.49713 0.142884 15.2021 9.1239 0.357699 6.32948 2.43173 23.2858
2315669504 0.8 11.9588 7.89771 10.9775 4.06783 8.06825 0.239955 6.96859 0.854688 12.217 8.78949 0.218805 6.39146 2.17426 23.7194
2315894784 0.8 12.4553 7.49518 10.9801 3.98714 7.74734 0.43423 7.30343 0.00473828 12.8744 8.78824 0.215675 6.45351 2.11411 24.2017
2315726848 0.8 10.9261 8.49178 10.2371 4.18727 8.83098 0.956191 7.56913 0.300515 11.3626 9.4254 0.339414 7.02788 2.05307 23.0433
2315364352 0.8 10.6526 5.46938 9.82947 4.09416 9.05635 0.291513 8.21744 0.542417 17.6388 9.81472 0.87058 6.72459 2.21449 23.5637
2315335680 0.8 12.3832 9.1351 10.8175 3.96895 7.7906 0.196514 7.4983 0.090801 10.5606 8.91819 0.189137 6.82916 1.89492 24.3068
2315685888 0.8 11.9749 6.72977 10.3471 4.03889 8.05746 0.448801 7.59875 0.00477356 14.3373 9.32502 0.975568 6.69068 1.65365 23.8895
2315759616 0.8 11.9203 8.07271 10.9978 3.75098 8.09462 1.11404 6.92592 0.049618 11.9526 8.77357 1.34962 5.84465 1.5741 25.7239
2315599872 0.8 12.2683 7.65391 10.7466 4.32741 7.86441 0.16117 7.69337 0.00474636 12.6057 8.97806 0.264085 6.96426 1.74475 22.2959
2315816960 0.8 11.6666 8.48668 10.5159 4.27144 8.2708 0.455371 7.76985 0.0406286 11.3699 9.17584 0.609009 6.93662 1.62507 22.5901
2315390976 0.8 11.9284 7.77704 10.78 4.27904 8.08783 0.212961 7.6595 0.210397 12.4051 8.94944 0.186326 6.76566 1.99226 22.5459
2315413504 0.8 12.5727 9.36023 11.6786 4.21941 7.67339 0.861399 6.72792 0.0790796 10.307 8.26087 0.85738 5.49753 1.901 22.8647
2315706368 0.8 12.3942 10.0209 11.0592 3.88452 7.7849 0.230281 7.02645 0.523024 9.62866 8.72465 0.670072 6.35164 1.69799 24.8391
2315405312 0.8 11.8622 6.93102 10.4236 3.96013 8.13303 1.08661 7.0135 0.027968 13.9193 9.25546 1.0012 6.13203 2.11728 24.3616
2315804672 0.8 12.2548 9.35941 11.0457 4.37127 7.8738 0.665561 7.19845 0.00477992 10.3096 8.73572 0.952285 6.29388 1.48453 22.0741
2315470848 0.8 12.0485 10.2369 10.6776 4.91694 8.00743 0.293867 7.70379 0.00480884 9.42456 9.03554 0.263838 6.70145 2.06531 19.6215
4630765568 0.8 11.7404 9.27036 9.72793 4.28442 16.4346 1.70231 14.7222 0.0049834 20.8135 19.8345 1.5558 14.5637 3.71001 45.035
4630824960 0.8 12.6989 9.51231 10.8316 4.34677 15.1943 1.30088 13.8836 0.00478156 20.2844 17.8137 0.741477 13.1175 3.94973 44.3895
4631029760 0.8 12.0908 9.22361 10.6716 4.45641 15.9592 2.52886 13.4204 0.00486488 20.9202 18.0816 1.71413 12.3926 3.96971 43.2993
4630749184 0.8 12.8557 9.15399 11.0147 4.52765 15.0088 1.53031 12.9732 0.500302 21.078 17.5173 1.545 12.3485 3.61893 42.6155
4630687744 0.8 11.9662 9.56141 10.4879 4.27733 16.1242 1.05018 15.0636 0.00495456 20.1796 18.3969 0.711622 14.1395 3.54065 45.1088
4630908928 0.8 11.8592 8.42481 9.89534 4.18307 16.2704 0.814625 14.136 1.31485 22.9031 19.4995 0.805124 14.4581 4.23134 46.1275
4631099392 0.8 11.8683 9.03382 10.7343 4.43261 16.2586 2.3022 13.917 0.034458 21.36 17.9763 1.71196 12.9203 3.33898 43.5325
4630839296 0.8 11.9986 8.49519 10.3606 3.87105 16.0811 0.88971 15.1815 0.0047638 22.7131 18.6237 1.0963 14.3253 3.19683 49.8448
4630665216 0.8 11.4861 8.30047 10.1747 3.85598 16.7981 0.352116 16.3204 0.120396 23.245 18.9631 0.253019 13.0739 5.63079 50.0377
4630771712 0.8 12.4322 9.35235 10.4996 4.31359 15.52 1.58634 13.9237 0.00485044 20.631 18.3768 1.55602 12.7487 4.06701 44.7304
4630884352 0.8 11.9208 8.92272 9.91662 4.39299 16.1863 0.615026 14.9887 0.57761 21.625 19.4576 0.658463 15.2977 3.49646 43.923
4631025664 0.8 11.5884 9.09194 9.89908 4.30214 16.6511 0.836457 15.7608 0.0487688 21.2231 19.4927 0.767188 15.332 3.38835 44.852
4630972416 0.8 12.8092 7.97228 10.6041 4.3492 15.0639 1.20708 13.8472 0.0046966 24.2035 18.1964 1.22181 12.8376 4.13195 44.3662
4630659072 0.8 12.944 10.2734 10.6159 4.31448 14.9061 0.557106 14.339 0.00501548 18.781 18.1751 0.569562 12.8046 4.79595 44.7202
4630704128 0.8 11.7088 9.48091 10.7259 4.02358 16.4788 0.993186 14.5614 0.919146 20.351 17.9888 1.00015 13.8946 3.08898 47.9538
4630892544 0.8 12.3467 8.27655 10.8437 3.95017 15.628 0.736106 14.8819 0.0047078 23.3133 17.7941 0.759326 12.7895 4.24027 48.847
4630712320 0.8 11.9883 10.5392 10.625 4.35814 16.0946 1.3038 14.6091 0.176824 18.3076 18.1597 1.51293 12.7488 3.89306 44.2726
4631095296 0.8 12.5901 7.99734 10.59 3.95313 15.3265 1.01083 13.4501 0.860513 24.1283 18.2211 1.30704 12.673 4.23621 48.8125
4631123968 0.8 11.7163 9.01139 10.1672 3.91657 16.4697 0.307895 15.9664 0.190281 21.4133 18.979 0.274036 13.9034 4.79668 49.2686
4630886400 0.8 11.4913 6.60136 10.0522 3.95723 16.7912 1.868 14.9133 0.00480884 29.2294 19.1952 2.21833 13.6628 3.30902 48.7598
4631029760 0.8 11.6519 8.61052 10.067 3.98977 16.5604 1.32239 14.7248 0.508236 22.4098 19.1676 1.04389 13.442 4.67666 48.3635
4630808576 0.8 12.7195 10.4586 11.1716 4.51413 15.1697 1.57996 13.58 0.0047256 18.4489 17.2716 0.95241 12.7068 3.60735 42.7437
4630740992 0.8 12.1682 9.43958 10.2501 4.71164 15.8567 0.809741 14.5524 0.489375 20.4403 18.824 0.680526 13.4703 4.66811 40.9512
4630812672 0.8 11.7536 9.11774 10.3631 4.08147 16.4163 2.09008 14.3165 0.00479912 21.1621 18.619 1.63932 12.8628 4.11189 47.2748
4630958080 0.8 12.9359 8.52501 11.0788 4.32354 14.9163 0.916185 13.9056 0.0895128 22.6342 17.4168 0.615432 12.6946 4.10182 44.6293
4630609920 0.8 12.0942 9.21496 10.2302 4.26483 15.9533 1.34974 14.5938 0.0048104 20.9379 18.8601 1.71595 14.2686 2.87059 45.2403
4630878208 0.8 12.26 8.83474 10.2243 4.15691 15.7385 0.827474 14.6744 0.231424 21.8403 18.8721 0.822397 13.84 4.2046 46.4175
4630921216 0.8 12.7359 8.3375 10.216 4.54767 15.1505 1.08616 14.0543 0.0048136 23.143 18.8875 1.03115 14.0779 3.77334 42.4294
4630667264 0.8 11.0489 9.60181 9.75655 4.07688 17.4628 0.839944 16.1747 0.442933 20.0946 19.7759 1.44536 14.7146 3.61084 47.3265
4630865920 0.8 12.0988 8.97775 10.6682 3.99877 15.9481 2.1269 13.8112 0.0048184 21.4923 18.0866 2.11842 11.7134 4.24974 48.253
4630990848 0.8 12.5296 9.35833 10.4768 4.49736 15.4001 0.616271 14.418 0.360709 20.6188 18.4177 0.0659368 14.1284 4.21815 42.9047
4630939648 0.8 13.6938 10.4182 11.4529 4.41122 14.0908 0.758464 13.3207 0.00582952 18.521 16.8478 0.664242 12.1635 4.01476 43.7421
4630814720 0.8 11.5899 9.45193 10.2736 3.80521 16.6482 0.990817 14.3104 1.34203 20.4139 18.7812 0.744062 13.1265 4.90574 50.7069
4631048192 0.8 12.4993 7.86907 10.4719 4.39276 15.4377 0.554517 14.4027 0.475538 24.5214 18.4266 0.556028 13.6046 4.26101 43.9269
4630982656 0.8 12.2859 6.46048 10.5525 4.24471 15.7056 1.68708 14.0086 0.00480388 29.8674 18.2854 1.54198 13.3532 3.38539 45.4583
4630820864 0.8 12.4359 8.38536 10.7222 4.33931 15.5157 0.902191 14.3312 0.277124 23.0104 17.9954 1.86531 13.411 2.71413 44.4658
4630933504 0.8 12.5155 10.6075 10.8332 4.17008 15.4173 0.650611 14.595 0.166639 18.1904 17.8114 0.799947 13.9625 3.04405 46.2714
4630638592 0.8 11.71 9.32768 10.8017 4.12692 16.4769 1.13413 15.1891 0.148635 20.685 17.8624 1.15101 12.6533 4.05312 46.7524
4630700032 0.8 10.9893 8.90062 9.95331 3.97772 17.5575 0.680938 15.3042 1.56742 21.6778 19.3851 0.835371 13.8015 4.74323 48.5067
4630743040 0.8 12.3378 9.97262 10.675 4.80988 15.6388 1.29383 13.8633 0.476798 19.3477 18.0747 1.78984 13.5114 2.76856 40.1148
9261121536 0.8 11.9947 9.85989 10.5256 4.1024 32.1708 1.36284 30.7975 0.00515004 39.1364 36.6611 1.54926 28.2251 6.88179 94.062
9261549568 0.8 12.1569 8.72978 9.7759 3.75134 31.7432 2.25771 28.7491 0.731382 44.2048 39.4744 3.28145 28.6711 7.51662 102.869
9261490176 0.8 11.66 5.19812 10.2112 4.41029 33.0956 2.78034 29.9412 0.368907 74.2375 37.7913 1.72776 27.9776 8.0809 87.4989
9261463552 0.8 12.2914 9.4885 10.4605 4.55515 31.3954 0.776214 29.7424 0.87187 40.6697 36.8905 1.35806 27.1764 8.35109 84.7161
9261426688 0.8 13.704 9.57663 10.8667 4.31773 28.1591 2.71768 24.698 0.738433 40.2953 35.5116 2.25132 23.725 9.53022 89.374
9261383680 0.8 12.4364 9.05173 10.8689 4.57091 31.0291 2.44347 27.3715 1.20922 42.6318 35.5042 2.70865 25.5549 7.23562 84.4233
9261551616 0.8 12.0274 9.75599 10.1772 4.06141 32.085 3.30053 26.9368 1.84268 39.555 37.9177 3.29008 26.3271 8.29561 95.0157
9261492224 0.8 12.3404 9.23576 10.0931 4.6438 31.2709 2.21924 29.042 0.004695 41.7828 38.2335 1.97595 28.4734 7.77917 83.0991
9261422592 0.8 12.4454 10.09 10.1977 4.14657 31.0069 1.17766 29.8192 0.00493692 38.245 37.8413 3.07194 26.6421 8.12222 93.0632
9261295616 0.8 12.518 9.50979 10.3457 4.4571 30.8266 3.81554 27.0008 0.0052846 40.5779 37.2992 3.40617 25.1354 8.75267 86.5781
9261524992 0.8 12.4989 10.8332 10.3332 4.03478 30.8744 0.734997 29.6312 0.50308 35.6218 37.3454 0.726469 27.1888 9.42509 95.6427
9261492224 0.8 11.8939 9.06387 9.59675 4.30079 32.4448 4.76341 27.2057 0.470532 42.5751 40.211 5.79956 28.5648 5.84175 89.7267
9261268992 0.8 12.7804 8.69377 10.8412 4.3072 30.1936 1.76242 27.5502 0.875987 44.3865 35.5944 1.4492 24.7509 9.38905 89.5909
9261228032 0.8 12.8132 9.20326 10.5018 4.48239 30.1163 1.4437 28.6341 0.0334482 41.9291 36.7448 1.25177 28.6947 6.79338 86.089
9261127680 0.8 12.4484 6.03133 10.1467 4.36203 30.9984 2.24949 27.8442 0.899731 63.9793 38.03 4.01967 27.6867 6.31869 88.4635
9261252608 0.8 13.0984 9.61607 10.7395 4.48282 29.4604 2.42563 26.7762 0.253694 40.1293 35.9313 2.52245 24.6623 8.74155 86.081
9261223936 0.8 13.5886 10.5289 11.0496 4.42051 28.3976 2.5856 25.4719 0.33515 36.6502 34.9229 2.59817 24.6178 7.70178 87.2941
9261576192 0.8 11.8394 8.16569 10.1774 4.2635 32.5943 2.02257 30.5619 0.00476716 47.2586 37.9174 2.03198 29.1939 6.68596 90.5122
9261514752 0.8 12.0784 9.02713 10.1628 4.29091 31.9493 3.95448 27.9851 0.00472708 42.7485 37.9714 3.062 26.12 8.78434 89.9335
9261447168 0.8 11.9376 6.47823 10.2539 4.29118 32.3258 0.99956 31.3165 0.0047334 59.5678 37.6337 0.969547 25.7461 10.9132 89.9271
9261561856 0.8 11.7047 8.82249 10.3267 4.29378 32.9696 2.45951 30.4995 0.005203 43.7403 37.3692 3.17268 28.9024 5.28906 89.8739
9261467648 0.8 12.6985 9.46596 10.2641 4.37167 30.389 4.99755 25.3803 0.0054194 40.7665 37.5965 4.96465 25.1984 7.42847 88.2716
9261268992 0.8 12.1486 8.87284 10.181 4.01062 31.7638 2.34938 28.7052 0.704223 43.4907 37.9028 2.27969 25.4628 10.1552 96.216
9261281280 0.8 11.9984 9.1709 10.2568 4.72138 32.1615 0.364456 31.787 0.0048168 42.0773 37.6226 0.348494 25.0067 12.2625 81.7318
9261527040 0.8 11.8792 7.29051 10.2809 4.34722 32.485 1.51784 30.6544 0.307832 52.9314 37.5355 1.56114 25.5652 10.4042 88.7687
9261275136 0.8 11.7037 8.76073 10.213 4.05616 32.9714 2.12249 27.9829 2.86076 44.0473 37.7839 2.81205 28.4948 6.47213 95.1359
9261211648 0.8 12.3298 8.8406 10.2945 3.91715 31.2968 1.41524 29.8717 0.00477512 43.6491 37.4844 2.00128 27.8129 7.66507 98.5115
9261475840 0.8 13.3135 10.1275 11.4292 4.32142 28.9853 2.77816 26.1974 0.00471744 38.1035 33.7638 2.06327 25.0978 6.59772 89.2981
9261537280 0.8 11.6425 9.90577 9.676 4.41055 33.1454 2.03855 28.4409 2.66101 38.9568 39.8819 3.57815 29.2435 7.05524 87.4941
9261410304 0.8 12.5029 8.54085 10.6766 4.38185 30.8641 2.62458 28.1185 0.116043 45.182 36.1439 2.66557 24.0563 9.41697 88.0661
9261568000 0.8 13.5683 9.13185 11.0997 4.4539 28.4412 3.38381 25.0474 0.00498976 42.2585 34.7667 3.38601 24.0879 7.28784 86.6428
9261248512 0.8 12.0057 8.70183 10.198 4.16012 32.1419 0.954659 31.1773 0.00486972 44.3453 37.8394 0.942364 27.4787 9.41335 92.7582
9261541376 0.8 12.911 9.25651 10.3556 4.27064 29.8891 1.84383 27.6511 0.389168 41.6893 37.2645 2.17117 27.2282 7.86017 90.3606
9261316096 0.8 12.1986 8.06248 9.81066 4.11278 31.6339 1.3253 30.0049 0.298617 47.8622 39.3336 1.65226 29.2916 8.3847 93.8265
9261486080 0.8 12.1086 7.23466 9.99193 3.96395 31.8695 2.12164 29.7382 0.00466456 53.3398 38.6207 1.3898 27.1855 10.0403 97.3512
9261203456 0.8 12.4278 10.2729 10.0832 4.31547 31.05 2.44067 28.5973 0.00623972 37.5633 38.27 3.29335 27.3054 7.6661 89.4187
9261160448 0.8 13.1046 10.0872 11.1683 4.10203 29.4463 3.55958 25.8768 0.00485372 38.2547 34.5516 3.52139 24.2205 6.80437 94.0709
9261363200 0.8 11.6135 8.90564 10.2863 4.41126 33.2278 1.79763 31.4202 0.00486488 43.331 37.5149 4.06254 26.0338 7.41348 87.4784
9261398016 0.8 12.0006 8.18623 10.3833 4.53153 32.1559 3.72695 28.4191 0.00477036 47.1391 37.1647 4.74318 26.5825 5.83392 85.1571
9261246464 0.8 11.9138 8.55044 10.2949 4.55557 32.3897 3.16456 26.0047 3.21508 45.1305 37.4833 3.02295 25.4153 9.03985 84.7063
18522558464 0.8 12.1251 6.50287 10.4023 4.83743 63.6508 2.05804 57.3002 4.28741 118.682 74.1924 2.12051 52.0602 20.006 159.542
18522542080 0.8 12.7387 8.05712 9.77378 4.35924 60.5846 3.57629 54.9243 2.07875 95.7876 78.9636 3.56806 63.1409 12.2495 177.043
18522314752 0.8 12.0077 9.09631 10.3613 4.46319 64.2723 11.6625 52.6002 0.00468852 84.8435 74.4853 10.722 51.5427 12.2157 172.917
18522345472 0.8 13.2974 10.3358 10.8204 4.37741 58.0386 3.47501 53.1155 1.443 74.6691 71.3248 3.44182 54.222 13.656 176.306
18522314752 0.8 13.5732 8.65757 11.0435 4.38669 56.8592 3.71805 53.0304 0.105591 89.1431 69.884 3.79166 49.3275 16.7599 175.933
18522112000 0.8 12.5963 10.4575 10.9628 4.83184 61.2684 7.3705 50.8839 3.00885 73.799 70.3979 7.83058 49.7765 12.7858 159.723
18522277888 0.8 11.7367 10.0021 10.4479 4.92388 65.756 1.11889 57.1419 7.49021 77.1599 73.8677 0.564676 54.8952 18.4029 156.739
18522281984 0.8 12.1834 8.45263 9.94668 4.02192 63.3455 3.88902 56.5986 2.85268 91.3043 77.5899 3.93344 53.7541 19.8973 191.889
18522419200 0.8 11.792 7.53289 10.1409 4.45179 65.4482 3.89702 61.4616 0.0845871 102.453 76.1046 7.18843 51.1427 17.7685 173.361
18522363904 0.8 11.8827 8.1028 10.067 3.94845 64.9487 3.07132 59.0474 2.825 95.2468 76.6627 1.33192 56.3345 18.9914 195.46
18522511360 0.8 11.979 9.81342 10.1999 4.32919 64.4272 3.33403 60.5331 0.555073 78.6445 75.6648 1.82005 59.2541 14.5857 178.272
18522425344 0.8 12.1173 9.90657 10.4053 4.35039 63.6916 6.65967 57.0223 0.0046758 77.9046 74.1709 5.99713 51.7359 16.4327 177.402
18522150912 0.8 11.4185 9.17787 9.88671 4.34072 67.5881 2.86394 64.7143 0.0048312 84.0888 78.0599 2.59594 58.4029 17.0561 177.794
18522363904 0.8 13.1859 8.13166 10.8295 3.67223 58.5294 3.97389 54.5449 0.00522856 94.9086 71.2653 4.3584 54.4339 12.4678 210.163
18522406912 0.8 12.7365 8.57927 10.4074 4.48508 60.5949 4.16864 56.4152 0.00548812 89.9572 74.1557 2.84302 54.7857 16.5218 172.074
18522361856 0.8 12.138 10.8697 10.4142 4.37953 63.5825 2.62121 60.9514 0.0048456 71.0012 74.107 2.59997 54.051 17.4511 176.221
18522429440 0.8 12.2237 8.89366 10.6807 4.43514 63.137 3.56435 59.5617 0.00536316 86.7773 72.258 4.79283 55.5168 11.9434 174.012
18522202112 0.8 13.083 8.89985 11.1598 4.75652 58.9892 3.15252 55.0238 0.807871 86.7159 69.1553 3.14612 49.8676 16.1367 162.253
18522345472 0.8 13.3442 9.6271 11.5402 4.52964 57.8354 6.05482 44.6618 7.11376 80.1658 66.8764 6.02792 44.5389 16.3046 170.381
18522224640 0.8 12.5113 9.04626 9.86916 4.31892 61.6851 4.03924 57.6361 0.00474156 85.3125 78.1991 4.10957 59.1444 14.94 178.693
18522570752 0.8 12.1195 9.09257 10.3481 4.53997 63.6801 1.68448 54.6651 7.32538 84.8796 74.5812 1.27931 56.8387 16.4582 169.995
18522486784 0.8 11.911 8.21616 10.0051 3.95629 64.7949 5.72709 56.1277 2.93511 93.9332 77.1381 5.09555 57.4498 14.5878 195.074
18522515456 0.8 12.1898 9.08847 10.5255 4.32707 63.3128 7.20383 56.0367 0.0672059 84.9176 73.3239 5.6823 50.9642 16.6723 178.359
18522451968 0.8 12.9354 6.26281 10.7273 4.54505 59.6635 4.53705 55.0229 0.0985647 123.23 71.9442 6.45793 52.6039 12.8775 169.804
18522540032 0.8 12.4911 9.00834 10.1814 4.58668 61.7857 2.6591 59.1169 0.0046854 85.6732 75.8021 2.60168 57.3116 15.8838 168.264
18522556416 0.8 12.2395 9.22414 10.4234 4.2424 63.0558 3.48605 58.9762 0.588478 83.6688 74.0422 2.95717 57.6194 13.4606 181.919
18522320896 0.8 11.8375 7.91308 9.73059 4.18714 65.1967 6.445 58.7409 0.00536636 97.53 79.3131 7.11288 54.1591 18.036 184.318
18522421248 0.8 11.2642 6.61256 9.96453 4.19504 68.5151 1.7469 66.1731 0.589946 116.712 77.4514 1.80331 58.345 17.2979 183.971
18522425344 0.8 13.2862 9.93646 11.2808 4.06292 58.0878 3.54303 51.0199 3.51957 77.6703 68.4143 3.22762 49.6485 15.5326 189.954
18522261504 0.8 11.8844 9.09258 10.1996 4.63702 64.9391 2.83281 62.0963 0.00490012 84.8781 75.6656 1.09979 59.2718 15.289 166.435
18522546176 0.8 11.8718 9.27443 10.1267 4.32218 65.009 5.50686 59.4924 0.00469816 83.2151 76.2115 4.87114 55.9383 15.397 178.561
18522464256 0.8 11.699 8.14658 9.98173 4.55747 65.9686 3.54976 58.3181 4.09564 94.7354 77.3182 3.71435 51.2909 22.3079 169.342
18522200064 0.8 11.827 9.04234 9.66834 4.41176 65.2538 4.05532 58.654 2.53925 85.3494 79.8232 3.58363 57.6002 18.6345 174.932
18522568704 0.8 12.1249 7.8069 10.1152 4.32086 63.6519 2.48615 60.8458 0.315112 98.8579 76.2983 6.23704 57.9911 12.0652 178.616
18522345472 0.8 12.8084 10.7113 10.9668 4.3838 60.2544 4.10254 55.6817 0.465084 72.0512 70.3731 4.19584 52.3431 13.829 176.049
18522392576 0.8 11.9817 7.84625 10.2565 4.12249 64.4121 3.07529 59.2822 2.0495 98.3611 75.2464 2.65727 55.5646 17.0195 187.209
18522177536 0.8 11.6546 8.61605 9.9855 4.33328 66.219 4.14228 59.4809 2.59074 89.5721 77.2878 4.07481 58.0387 15.1694 178.1
18522322944 0.8 12.4735 6.94547 10.3533 4.01059 61.8723 0.714049 60.0952 1.05803 111.118 74.5425 8.75128 53.6328 12.1534 192.431
18522413056 0.8 12.0581 7.25711 10.1699 4.47547 64.0041 5.01417 58.9799 0.00506516 106.346 75.8875 5.72798 53.8611 16.2934 172.444
18522386432 0.8 12.405 10.2705 10.3392 3.9572 62.2142 0.764537 61.3976 0.0469693 75.1441 74.6444 0.757488 56.0131 17.8689 195.028
37044295680 0.8 11.6274 9.58133 10.0082 4.48219 132.747 2.90451 129.346 0.491761 161.096 154.225 11.8293 111.1 31.2906 344.366
37044430848 0.8 11.6154 6.18093 9.53262 4.34888 132.886 10.1485 116.869 5.86273 249.723 161.92 10.5491 116.869 34.4965 354.923
37044615168 0.8 12.1618 9.54601 10.2184 4.55151 126.916 16.9616 107.162 2.78763 161.693 151.054 19.9905 107.661 23.3966 339.124
37044645888 0.8 13.017 10.4407 10.9748 4.42267 118.578 11.3552 106.372 0.845513 147.837 140.642 11.5126 95.5263 33.5985 349.004
37044557824 0.8 12.0906 9.50814 9.9719 4.56487 127.663 8.87396 109.772 9.01242 162.337 154.787 10.0277 109.809 34.9452 338.131
37044600832 0.8 13.6048 10.6937 11.1488 4.88579 113.454 9.46766 103.977 0.00475752 144.339 138.448 9.20613 96.8065 32.4304 315.921
37044297728 0.8 12.4562 9.70765 9.84207 4.43253 123.916 7.64789 105 11.262 159 156.828 7.85174 118.735 30.236 348.223
37044555776 0.8 12.7334 9.19869 10.6982 4.01236 121.218 10.7402 110.468 0.00490164 167.798 144.279 17.8705 102.754 23.65 384.692
37044254720 0.8 13.5476 7.79779 10.5582 4.47835 113.932 2.87605 108.626 2.42491 197.942 146.19 4.31997 101.538 40.3274 344.661
37044408320 0.8 11.1384 7.82278 9.80915 4.23844 138.577 9.05632 122.912 6.60341 197.311 157.355 15.8607 117.088 24.4011 364.171
37044379648 0.8 11.2675 8.56926 9.3799 3.89221 136.988 11.4946 125.484 0.00491124 180.122 164.556 12.6682 103.674 48.208 396.565
37044326400 0.8 12.4874 8.45015 9.98168 4.45151 123.606 8.57626 113.579 1.44611 182.661 154.635 8.71491 102.821 43.094 346.739
37044496384 0.8 11.3112 7.29043 9.53931 4.27987 136.46 9.16092 127.203 0.0908699 211.719 161.806 9.57992 122.268 29.9529 360.646
37044228096 0.8 11.9016 8.02663 10.3189 4.07801 129.689 12.3914 117.288 0.00502508 192.299 149.581 11.8545 110.274 27.4468 378.496
37044582400 0.8 11.6826 9.34525 10.2623 4.3669 132.121 5.72147 126.39 0.00490332 165.167 150.407 10.265 106.706 33.4311 353.46
37044580352 0.8 11.0753 8.02885 9.55216 4.42716 139.367 8.60384 116.008 14.7498 192.247 161.589 11.2824 111.31 38.9919 348.649
37044428800 0.8 12.8324 9.17728 10.4717 4.86395 120.283 7.32217 112.95 0.00494332 168.189 147.399 10.7511 112.811 23.8318 317.338
37044373504 0.8 12.2206 10.2709 9.99138 4.43182 126.305 14.9881 110.327 0.984876 150.281 154.485 15.5289 105.173 33.7775 348.28
37044660224 0.8 12.7184 9.33167 10.8782 4.38673 121.361 7.41755 113.876 0.0624868 165.407 141.892 7.4887 105.728 28.6701 351.863
37044383744 0.8 12.852 9.26579 10.0922 4.54631 120.1 10.9825 104.793 4.31934 166.582 152.941 14.613 111.524 26.7993 339.509
37044320256 0.8 13.3397 10.2223 10.8011 4.4259 115.708 14.6074 98.8843 2.21115 150.995 142.904 13.4609 98.7567 30.6812 348.745
37044510720 0.8 12.2626 8.98896 10.2746 4.23421 125.872 5.69146 119.635 0.540715 171.713 150.228 14.9257 105.941 29.356 364.536
37044451328 0.8 12.4352 8.5416 9.52213 4.47834 124.125 12.0737 109.988 2.05804 180.706 162.098 15.3254 119.449 27.3188 344.663
37044355072 0.8 13.1248 6.85438 10.7765 4.25279 117.603 7.29338 108.798 1.50681 225.187 143.23 13.4661 98.9278 30.8307 362.942
37044189184 0.8 11.3151 9.49726 9.71752 4.21921 136.412 11.1422 125.26 0.00490816 162.521 158.838 10.3096 115.079 33.4442 365.829
37044549632 0.8 11.8758 7.92162 10.2441 4.18403 129.972 2.58237 120.027 7.35729 194.849 150.674 1.04116 107.959 41.6685 368.908
37044160512 0.8 11.1293 9.11324 9.81433 3.84516 138.688 9.98578 113.059 15.638 169.37 157.271 12.0615 114.356 30.8488 401.415
37044453376 0.8 12.5637 7.84258 10.9408 4.37801 122.855 4.06314 118.45 0.337323 196.813 141.08 2.12658 102.725 36.2234 352.561
37044404224 0.8 12.9466 8.22697 10.0574 4.59368 119.222 4.9378 112.62 1.65977 187.617 153.471 4.85458 105.117 43.495 336.009
37044502528 0.8 12.5785 9.79534 10.5241 4.72784 122.711 4.36098 115.009 3.33593 157.577 146.666 4.18537 107.954 34.5217 326.475
37044379648 0.8 12.1899 6.26046 9.97211 4.04072 126.623 11.6158 109.865 5.13679 246.55 154.783 17.114 109.68 27.984 381.99
37044619264 0.8 12.2974 8.87413 10.5119 4.73347 125.516 4.5613 120.945 0.00475428 173.935 146.836 5.32981 107.93 33.5716 326.088
37044228096 0.8 12.7992 7.63067 10.8809 4.4861 120.595 10.252 108.358 1.97947 202.277 141.855 13.2104 96.5597 32.0802 344.065
37044553728 0.8 11.6421 9.15072 9.7243 4.44377 132.581 20.7034 111.867 0.00527824 168.678 158.728 27.1235 112.196 19.4036 347.345
37044246528 0.8 12.2654 10.1357 10.5095 4.65666 125.842 6.88685 117.518 1.43239 152.284 146.868 16.425 106.405 24.0334 331.463
37044574208 0.8 12.2435 9.69704 9.89162 4.8249 126.069 12.9829 113.076 0.00473344 159.175 156.044 13.51 114.225 28.3038 319.908
37044283392 0.8 12.446 8.46879 10.6098 4.17118 124.017 10.0014 114.005 0.00466936 182.259 145.48 11.7274 101.952 31.7958 370.042
37044402176 0.8 12.2601 8.33645 10.3978 4.34472 125.898 13.1797 112.708 0.00480408 185.153 148.447 15.9706 106.938 25.533 355.262
37044160512 0.8 12.6112 9.4793 10.745 4.57258 122.391 7.27491 115.107 0.00469336 162.829 143.649 8.52944 101.814 33.3004 337.557
37044383744 0.8 12.2157 8.73259 10.5271 4.10438 126.355 7.11729 118.917 0.315158 176.754 146.623 13.6313 106.877 26.1102 376.066
74088513536 0.8 13.0593 9.62099 11.0535 4.18716 236.385 11.6632 224.658 0.0577183 320.863 279.279 14.3228 207.891 57.0607 737.259
74088411136 0.8 11.8995 9.87963 10.2793 4.82683 259.425 16.765 210.592 32.0626 312.463 300.313 16.8402 209.738 73.7296 639.553
74088384512 0.8 11.5772 9.7131 9.47603 4.16331 266.647 15.1038 251.531 0.0051356 317.82 325.771 15.54 239.27 70.9559 741.481
74088560640 0.8 12.8637 9.4879 10.6162 4.58021 239.98 23.0542 211.137 5.78314 325.364 290.783 23.553 214.154 53.071 673.992
74088335360 0.8 13.3105 10.2377 10.8369 4.63094 231.923 9.76671 218.278 3.87273 301.535 284.862 23.6717 203.553 57.6312 666.606
74088697856 0.8 13.7614 8.8705 11.3785 4.62096 224.326 20.5375 197.795 5.9877 348.011 271.303 20.1256 194.129 57.0436 668.049
74088593408 0.8 12.8621 9.9804 10.6864 4.24595 240.01 16.2036 223.796 0.0047389 309.309 288.875 14.9153 195.18 78.7743 727.052
74088380416 0.8 13.7754 9.95832 11.5213 4.95282 224.097 10.44 213.647 0.0048191 309.994 267.941 8.71974 215.822 43.3941 623.285
74088564736 0.8 12.9111 6.79783 10.7816 4.24808 239.098 3.97395 215.26 19.8581 454.119 286.323 2.76966 220.245 63.303 726.687
74088693760 0.8 11.1642 8.67552 9.18188 4.53597 276.512 19.6937 238.632 18.1809 355.832 336.209 28.15 247.729 60.3243 680.566
74088611840 0.8 12.1787 9.32602 10.4228 4.59221 253.477 19.322 234.145 0.0050634 331.012 296.181 20.2446 209.598 66.3324 672.231
74088552448 0.8 11.2937 9.00073 10.0457 4.12459 273.34 32.844 224.332 16.1591 342.975 307.299 27.0953 232.533 47.6657 748.443
74088314880 0.8 12.3708 8.55565 10.2972 4.52466 249.54 12.8882 236.641 0.0047472 360.816 299.792 15.7858 221.987 62.014 682.264
74088505344 0.8 12.3836 10.2576 10.5191 4.54322 249.284 21.0294 228.244 0.0048231 300.95 293.467 23.1033 216.193 54.1657 679.478
74088581120 0.8 11.9743 8.62286 9.90473 4.29372 257.805 10.721 229.385 17.6935 358.005 311.672 10.6974 227.971 72.998 718.963
74088595456 0.8 12.165 10.6566 10.7148 4.41111 253.762 11.7672 222.663 19.327 289.682 288.109 17.0822 198.371 72.6515 699.829
74088544256 0.8 13.3612 10.3792 10.2956 4.42652 231.044 9.84681 212.379 8.81296 297.423 299.838 13.6687 203.418 82.7459 697.393
74088460288 0.8 13.8884 9.47013 11.5644 4.766 222.274 17.8129 198.792 5.66351 325.974 266.941 18.0152 187.005 61.9154 647.717
74088644608 0.8 14.1236 9.41148 11.6058 4.3318 218.573 21.0319 192.533 5.0028 328.007 265.99 22.0874 185.548 58.3498 712.643
74088536064 0.8 12.129 9.17723 10.1678 4.63641 254.516 30.5493 223.955 0.0056804 336.379 303.609 30.5301 213.091 59.9829 665.822
74088232960 0.8 11.9581 8.7712 10.1563 4.38132 258.152 13.3542 244.023 0.769564 351.949 303.95 13.5831 219.176 71.1848 704.585
74088448000 0.8 12.1291 9.39641 10.1483 4.21657 254.513 16.7067 233.697 4.10374 328.532 304.191 16.4451 219.779 67.9612 732.116
74088560640 0.8 12.1174 9.63971 10.2804 4.50796 254.76 20.1998 234.549 0.0052037 320.24 300.281 12.7553 199.333 88.188 684.794
74088273920 0.8 11.9485 10.0812 10.2062 4.23115 258.36 31.7838 226.566 0.0046948 306.215 302.463 35.117 210.757 56.5842 729.592
74088437760 0.8 12.1605 6.33545 9.74047 4.29757 253.856 14.3699 236.726 2.75484 487.261 316.927 18.645 231.19 67.0867 718.317
74088579072 0.8 12.0771 9.43188 10.2692 4.39326 255.611 16.9895 238.611 0.0050155 327.297 300.609 20.1702 216.729 63.7045 702.673
74088613888 0.8 12.8023 8.87334 10.3569 4.34418 241.131 24.7013 216.419 0.0050036 347.899 298.064 28.5783 218.446 51.0335 710.612
74088566784 0.8 12.1354 9.77813 10.3221 4.90582 254.383 19.8662 234.506 0.0047071 315.707 299.071 19.9669 216.981 62.1172 629.258
74088546304 0.8 11.8754 9.30826 9.77747 4.79996 259.95 19.7647 237.385 2.79501 331.643 315.728 20.2671 218.215 77.2408 643.135
74088427520 0.8 12.9788 8.14393 10.7762 4.5922 237.851 13.6411 219.513 4.6914 379.057 286.466 14.0478 199.255 73.1577 672.231
74088366080 0.8 11.7878 10.0326 10.1029 4.60972 261.883 19.6924 238.064 4.12184 307.698 305.558 15.5592 200.012 89.9818 669.675
74088589312 0.8 12.5797 8.38565 10.3916 4.59608 245.398 5.09139 228.266 12.0349 368.132 297.069 20.1983 229.97 46.8946 671.664
74088329216 0.8 12.8886 8.42306 11.2279 4.77807 239.516 9.59576 229.909 0.0053839 366.496 274.941 11.0374 202.159 61.7394 646.079
74088292352 0.8 12.5742 10.1933 10.3862 4.28498 245.503 11.1234 231.367 3.00711 302.848 297.222 10.0666 210.34 76.8099 720.426
74088673280 0.8 11.9072 9.08053 10.1739 4.34177 259.258 6.20389 226.931 26.1171 339.961 303.425 6.20059 232.685 64.5349 711.006
74088675328 0.8 12.3073 9.72799 10.5183 4.58032 250.828 9.1292 222.62 19.0737 317.334 293.492 20.9174 217.528 55.0411 673.977
74088640512 0.8 13.1309 8.2608 11.2888 4.32339 235.096 17.5609 215.791 1.73833 373.696 273.46 32.3984 196.198 44.8575 714.03
74088304640 0.8 12.731 10.6616 10.7108 4.5592 242.48 13.9426 228.527 0.0051196 289.546 288.214 18.4688 209.053 60.6866 677.096
74088495104 0.8 13.3584 8.43258 10.038 4.54032 231.092 15.2868 203.366 12.4345 366.083 307.534 15.2234 213.862 78.4436 679.913
74088364032 0.8 12.3373 9.84775 10.6452 4.48262 250.218 16.5443 226.604 7.06403 313.474 289.991 17.217 213.625 59.1434 688.664
148177014784 0.8 12.0698 8.64003 10.2936 4.43897 511.528 41.7998 469.717 0.0051196 714.585 599.796 68.4635 433.975 97.3519 1390.87
148176447488 0.8 13.0812 9.10563 10.5333 4.22649 471.976 47.6051 424.36 0.0047351 678.044 586.141 54.3417 406.244 125.55 1460.79
148176625664 0.8 11.1434 7.57251 9.84699 4.08925 554.05 79.2346 461.115 13.6958 815.321 626.996 81.8934 432.848 112.249 1509.82
148176812032 0.8 10.4911 7.34867 9.4761 4.88945 588.501 46.7895 541.701 0.0047389 840.157 651.538 39.6021 510.496 101.434 1262.73
148176697344 0.8 12.9787 9.43729 10.7495 4.26242 475.706 31.6295 439.741 4.33012 654.217 574.356 32.3808 423.283 118.687 1448.48
148176640000 0.8 12.148 7.76182 10.4344 4.32787 508.233 48.0617 429.448 30.7179 795.435 591.698 46.5756 441.974 103.142 1426.57
148176660480 0.8 12.7321 8.88084 10.5174 4.45243 484.919 33.9851 448.952 1.97668 695.208 587.032 32.6939 397.721 156.612 1386.66
148176713728 0.8 13.5047 9.5291 10.554 4.28474 457.175 55.1576 396.972 5.04064 647.913 584.995 57.2865 397.335 130.369 1440.93
148176898048 0.8 11.64 8.86652 9.45031 4.6014 530.417 20.3356 510.071 0.0052398 696.331 653.316 24.0348 532.451 96.825 1341.77
148176486400 0.8 13.1567 7.28927 10.5771 4.09764 469.267 44.6064 420.517 4.13757 847.001 583.718 36.474 406.787 140.452 1506.72
148176453632 0.8 12.8351 8.48958 10.6244 4.8833 481.027 39.6138 441.403 0.0053639 727.247 581.117 39.6124 412.458 129.041 1264.31
148176945152 0.8 11.2518 9.18265 9.36964 4.56245 548.714 65.5376 478.956 4.21505 672.359 658.941 91.5127 468.338 99.0846 1353.23
148176756736 0.8 11.5179 8.34502 9.85152 4.59368 536.039 21.676 482.275 32.0822 739.846 626.709 49.3769 454.061 123.265 1344.03
148176867328 0.8 12.8157 8.97136 10.3219 4.8653 481.757 33.4277 448.319 0.0049073 688.194 598.149 41.1767 411.651 145.315 1268.99
148176668672 0.8 11.2991 8.12784 9.71144 4.73204 546.419 13.9181 532.49 0.0050997 759.615 635.748 14.1017 518.139 103.501 1304.73
148176568320 0.8 13.538 8.63866 10.9577 4.71857 456.052 45.6622 410.38 0.004663 714.697 563.44 58.1955 379.476 125.763 1308.45
148176664576 0.8 12.3953 9.21064 10.2643 4.41165 498.094 14.7313 476.006 7.35095 670.314 601.506 14.8774 414.05 172.573 1399.48
148176599040 0.8 11.3381 8.8305 9.70118 4.4238 544.538 25.8162 518.711 0.0054321 699.17 636.42 27.4066 495.979 113.029 1395.64
148176648192 0.8 11.6295 9.15488 9.69789 4.22862 530.894 69.8028 461.08 0.0052037 674.397 636.636 110.632 447.562 78.4362 1460.06
148176474112 0.8 13.652 8.88008 10.8025 4.45682 452.244 15.7491 419.043 17.4468 695.266 571.538 51.339 398.185 122.01 1385.3
148176936960 0.8 11.5642 8.87351 9.76701 4.31142 533.891 39.5663 488.347 5.97225 695.783 632.132 37.1941 493.978 100.955 1432.02
148176498688 0.8 11.6528 9.87318 10.2679 4.60104 529.833 37.4676 488.431 3.92864 625.332 601.292 39.6262 409.559 152.101 1341.88
148176664576 0.8 12.3311 9.84492 10.5567 4.3585 500.688 15.64 451.579 33.463 627.128 584.843 36.8626 422.597 125.378 1416.55
148176939008 0.8 11.2212 9.12814 9.97041 4.41525 550.212 84.3199 465.881 0.0054361 676.374 619.237 79.2841 421.74 118.206 1398.35
148176588800 0.8 12.7481 9.5404 10.5746 4.62249 484.31 52.9194 429.621 1.76392 647.145 583.854 65.4756 408.187 110.186 1335.65
148176527360 0.8 11.9513 8.46226 10.3359 4.65876 516.597 12.3525 498.359 5.8802 729.595 597.338 17.7311 453.915 125.687 1325.25
148176734208 0.8 12.2057 7.76327 10.5091 4.38985 505.83 27.3769 474.716 3.73227 795.287 587.495 25.9507 415.571 145.967 1406.43
148176771072 0.8 12.4644 8.67386 10.1112 4.29766 495.334 77.301 418.023 0.0047512 711.797 610.611 40.9108 438.322 131.372 1436.6
148176859136 0.8 12.8908 9.62151 10.6734 4.26502 478.949 27.1605 451.778 0.0053999 641.691 578.45 43.4404 396.073 138.931 1447.6
148176541696 0.8 12.1383 7.8896 10.2432 4.49297 508.639 32.6444 455.241 20.7486 782.552 602.743 29.5317 456.592 116.613 1374.15
148176603136 0.8 12.6736 10.3731 10.7355 4.81193 487.156 44.2082 437.324 5.61847 595.196 575.104 57.6814 411.185 106.232 1283.07
148176625664 0.8 11.9707 9.1984 9.99688 4.08207 515.762 61.8682 453.884 0.0047511 671.206 617.595 56.6139 434.89 126.086 1512.48
148176814080 0.8 13.2205 9.78447 10.4055 4.57859 467.004 25.0135 441.979 0.0058887 631.003 593.346 25.283 450.145 117.912 1348.46
148176556032 0.8 12.2883 8.97559 10.5381 4.58909 502.431 27.1312 447.11 28.1848 687.869 585.877 26.8604 433.001 126.01 1345.37
148176578560 0.8 11.3631 7.94913 9.49977 4.31288 543.339 37.0457 456.27 50.0186 776.692 649.913 70.4828 455.938 123.486 1431.53
148176805888 0.8 13.1041 8.70949 11.0604 4.25017 471.153 25.177 445.746 0.224771 708.886 558.212 27.4458 382.684 148.076 1452.66
148176785408 0.8 11.8916 8.05042 10.1055 4.27819 519.195 33.063 486.121 0.0052157 766.921 610.961 20.4883 417.173 173.293 1443.14
148176363520 0.8 13.8247 10.2002 11.4772 4.66064 446.592 17.3265 429.255 0.004739 605.286 537.935 43.3005 403.992 90.6375 1324.71
148176474112 0.8 12.4635 8.03032 10.5686 4.67807 495.367 22.0473 473.309 0.0051358 768.839 584.187 22.4025 458.717 103.062 1319.78
148176740352 0.8 12.5278 9.44789 10.7899 4.61857 492.827 19.6934 433.604 39.5236 653.483 572.207 19.6965 385.163 167.342 1336.78
