9261318144 0.8 11.4869 7.74807 10.0593 4.06283 33.5939 1.20105 32.3832 0.00468384 49.8045 38.3613 1.61433 30.1525 6.5894 94.9802
9261592576 0.8 11.5753 8.01234 10.1544 3.9004 33.3381 1.4887 28.1894 3.65497 48.1632 38.0033 2.42246 26.9042 8.67163 98.9384
9261533184 0.8 10.8231 8.59472 9.36523 4.0995 35.6551 1.57978 34.0642 0.00569008 44.8994 41.2053 1.56597 31.7598 7.87465 94.1329
9261486080 0.8 12.2818 7.6531 10.4793 4.34076 31.42 0.975503 27.9202 2.51925 50.4234 36.8247 1.0137 25.519 10.2869 88.9003
9261299712 0.8 11.4021 8.90543 7.85971 4.51245 33.8436 0.249346 32.5244 1.06485 43.3317 49.0969 0.237579 33.4737 15.3806 85.5161
9261443072 0.8 12.5329 10.0688 10.3299 4.31875 30.7904 1.62254 28.5005 0.662582 38.3258 37.3569 1.60861 26.8875 8.85583 89.3531
9261408256 0.8 11.1511 7.89509 9.06461 3.98279 34.6057 4.06534 29.4818 1.05346 48.8774 42.5713 3.76536 28.8233 9.97754 96.89
9261441024 0.8 11.8647 9.35213 7.77259 4.67577 32.5244 5.21604 25.7557 1.54761 41.2626 49.648 4.53999 31.1431 13.9599 82.5304
9261238272 0.8 12.4542 9.01903 10.6535 3.72742 30.9844 1.99609 28.6649 0.318429 42.7856 36.2216 2.08356 27.1249 7.00813 103.526
9261613056 0.8 11.0216 5.91222 9.76717 3.83721 35.0132 1.23968 28.7772 4.99139 65.2717 39.51 2.91863 28.9166 7.66963 100.568
9261260800 0.8 5.59749 9.25462 10.7596 4.49429 68.9391 2.18586 65.7357 1.01246 41.6966 35.8643 2.34184 23.6378 9.87942 85.8613
9261154304 0.8 13.7436 9.66019 11.7324 4.4845 28.0771 1.92709 22.6363 3.50869 39.9455 32.8902 2.24306 22.6193 8.0225 86.0478
9261228032 0.8 12.0169 10.8096 10.1552 4.38928 32.1118 0.922416 31.1797 0.00469344 35.6982 37.9988 2.65388 29.5695 5.77023 87.9152
9261514752 0.8 12.5419 9.98092 10.5327 4.59268 30.7687 1.14398 28.8577 0.76202 38.6634 36.6381 2.05081 26.3028 8.27946 84.0242
9261543424 0.8 2.83137 7.58505 10.6018 4.72233 136.294 1.03479 135.249 0.00477504 50.8761 36.3992 1.64665 25.9295 8.81814 81.7176
9261156352 0.8 13.2684 7.93323 10.7522 4.12048 29.0828 0.747181 28.2746 0.0558449 48.6411 35.8888 0.644001 27.6935 7.54627 93.6497
9261377536 0.8 11.8014 9.69222 10.0159 1.92277 32.6986 3.43427 28.6461 0.613347 39.8145 38.5279 3.51048 26.3916 8.62083 200.695
9261355008 0.8 11.7842 9.49468 8.7156 4.44655 32.7464 1.22963 31.4393 0.0724568 40.6428 44.2757 2.09142 33.2328 8.94659 86.7841
9261213696 0.8 13.6093 9.37206 11.1185 4.6019 28.3545 1.49359 26.2012 0.654642 41.1739 34.7066 2.06499 24.3683 8.26836 83.8531
9261301760 0.8 11.8433 10.1468 10.0961 4.32292 32.5828 1.86631 30.7063 0.00498176 38.0303 38.2216 1.77883 26.4707 9.96709 89.2655
9261402112 0.8 13.4789 10.6767 3.78754 4.77555 28.6293 2.0363 26.5834 0.00468852 36.1435 101.884 2.21629 51.5666 48.0966 80.8058
9261498368 0.8 12.8546 8.82135 11.039 4.70475 30.0202 1.28429 28.5694 0.161492 43.7456 34.9576 1.31862 24.8374 8.79662 82.0226
9261547520 0.8 12.5749 9.41223 10.4438 4.3271 30.688 2.40414 27.8366 0.442165 40.9996 36.9499 3.47231 28.4564 5.01618 89.1816
9261137920 0.8 11.7204 8.39878 10.1743 4.08573 32.9239 4.86118 26.9087 1.14896 45.9449 37.9272 3.70817 27.8211 6.3929 94.4459
9261535232 0.8 12.5695 7.96426 10.2745 3.917 30.701 3.33014 26.4934 0.87234 48.4537 37.5586 3.25724 25.5536 8.7427 98.5185
9261125632 0.8 12.7644 9.45943 4.05654 4.23533 30.231 2.96454 27.2566 0.0047126 40.7932 95.1254 3.33703 25.1221 66.6613 91.1099
9261584384 0.8 12.7763 9.19658 11.2019 4.31189 30.2044 3.03704 26.696 0.466355 41.9612 34.4494 2.37673 24.699 7.3686 89.4966
9260990464 0.8 11.2011 8.71906 9.88046 4.21636 34.4497 4.24747 29.0377 1.15926 44.2565 39.0543 4.1964 26.6305 8.22248 91.5185
9261268992 0.8 12.3124 8.11026 10.3305 4.50945 31.3414 2.35823 28.9735 0.00472708 47.58 37.3541 2.3745 26.6403 8.33435 85.5728
9261459456 0.8 13.0808 7.49088 10.8681 4.24598 29.5008 1.0243 28.3882 0.0833515 51.5152 35.5071 1.0307 26.6703 7.80118 90.8847
9261490176 0.8 9.82925 9.98346 10.8922 4.41261 39.2599 3.23727 35.9949 0.0228628 38.6535 35.4286 3.12548 24.6131 7.68504 87.4528
9261123584 0.8 12.0338 9.62392 10.2674 4.2748 32.0664 2.30288 29.7538 0.00470152 40.096 37.5832 2.23231 27.5503 7.79547 90.2686
9261316096 0.8 12.7366 6.62931 10.9768 2.4641 30.2976 4.06568 26.2217 0.00500268 58.2094 35.1549 3.71074 24.9018 6.53739 156.604
9261129728 0.8 11.2542 4.97482 10.9391 4.4409 34.2877 3.02232 30.7977 0.462686 77.5667 35.2752 1.47939 27.2595 6.53136 86.8924
9261191168 0.8 12.3976 9.70809 10.1465 3.902 31.1255 3.1302 26.9569 1.03349 39.7486 38.031 2.9506 26.4331 8.64232 98.8935
9261402112 0.8 12.1811 6.21889 10.5024 3.89383 31.6796 3.7882 27.8817 0.00465984 62.0515 36.7433 3.16448 24.7315 8.84223 99.1035
9261176832 0.8 10.8729 9.76597 9.83285 4.66374 35.4903 0.445392 35.0352 0.00466448 39.513 39.2442 0.863675 29.19 9.18561 82.741
9261295616 0.8 4.04035 8.1769 11.2306 4.7037 95.5085 3.19378 92.305 0.00476064 47.1924 34.3605 2.93981 23.9094 7.50631 82.039
9261350912 0.8 12.1967 9.24547 10.6127 4.32583 31.6389 2.05937 26.201 3.37351 41.7382 36.361 3.05479 26.3814 6.91981 89.2059
9261213696 0.8 11.7412 9.75982 9.62536 4.30048 32.8658 1.97785 28.1587 2.7242 39.538 40.0904 2.00853 26.9434 11.1334 89.7304
9261162496 0.8 12.5096 8.57963 10.0732 4.21066 30.8468 2.97293 27.2576 0.611195 44.9765 38.3077 2.88002 24.6872 10.7356 91.6439
9261436928 0.8 12.4469 5.7904 10.5465 4.11324 31.0031 2.30034 28.6223 0.0754663 66.6436 36.5896 1.96777 26.5958 8.02104 93.8172
9261312000 0.8 12.2722 9.35356 9.80443 3.12541 31.4442 5.56345 25.8697 0.00559236 41.2557 39.3585 5.65413 26.847 6.85244 123.468
9261584384 0.8 10.8114 5.8027 9.62578 4.4651 35.6937 0.209038 35.1324 0.347219 66.5035 40.0902 0.198326 30.8371 9.04957 86.4257
9261129728 0.8 11.1641 8.64497 9.9668 4.68767 34.5645 2.99122 31.5635 0.00473344 44.6364 38.7166 3.37045 27.6998 7.64138 82.3181
9261559808 0.8 13.5913 9.01191 11.2171 4.48067 28.393 1.54805 25.945 0.894818 42.8209 34.4027 1.47939 24.2176 8.70069 86.1252
9261570048 0.8 3.62255 8.86803 10.9443 4.17741 106.527 4.79415 101.722 0.00515976 43.5157 35.2603 1.40217 26.0099 7.8432 92.3775
9261424640 0.8 12.8074 9.35377 10.5949 4.27689 30.1305 3.58061 25.0348 1.51005 41.2553 36.4224 2.06904 24.6802 9.66819 90.2274
9261328384 0.8 12.446 7.54879 10.8769 4.06944 31.0051 1.561 29.4344 0.00467096 51.1192 35.4777 2.42104 26.482 6.56967 94.826
9261180928 0.8 12.4242 9.42409 10.6616 4.10207 31.0591 1.1517 29.8976 0.00482644 40.9464 36.1936 2.29719 26.1492 7.74215 94.0702
9261250560 0.8 13.1015 10.2492 10.5333 4.49978 29.4536 1.39066 27.2735 0.78447 37.6504 36.6346 1.40906 25.9637 9.25693 85.7565
9261438976 0.8 11.3877 6.22396 9.63129 4.15826 33.8869 2.76066 30.551 0.570264 62.0013 40.0666 3.64575 26.8483 9.56758 92.8016
9261533184 0.8 12.5164 10.8366 10.9844 4.36814 30.8312 3.04642 24.8901 2.88972 35.6106 35.1315 1.44562 25.2108 8.47012 88.3435
9261215744 0.8 12.0143 9.98344 10.5677 3.06513 32.1187 1.51434 30.5946 0.00469976 38.6524 36.5156 1.50189 26.6051 8.40361 125.895
9261107200 0.8 12.2188 9.73535 4.30046 4.06637 31.5808 1.55904 29.5423 0.474455 39.6369 89.7298 1.83989 27.4032 60.4817 94.8954
9261199360 0.8 12.5346 8.89779 10.5665 4.36763 30.7856 1.06821 29.0359 0.676478 43.3684 36.5195 2.1577 27.3693 6.98753 88.3508
9261330432 0.8 12.104 4.61046 10.6506 4.2879 31.881 0.781454 29.0301 2.06444 83.6986 36.2315 0.625737 27.2538 8.34683 89.9948
9261455360 0.8 12.0795 9.36595 10.5115 4.57114 31.9461 2.47712 28.6326 0.831368 41.2018 36.7114 1.51393 26.0805 9.11196 84.4196
9261162496 0.8 12.4105 10.0009 10.9489 4.67377 31.0932 3.41004 24.1976 3.48052 38.5848 35.244 3.3991 24.4021 7.43782 82.5632
9261168640 0.8 12.6632 9.87062 10.89 4.54681 30.4727 2.09137 27.9025 0.473864 39.094 35.4345 3.56282 25.3712 6.49555 84.8688
9261389824 0.8 5.27018 9.68759 11.001 4.72836 73.2216 2.19341 33.2331 37.7899 39.8336 35.0779 1.52618 26.1996 7.34717 81.612
9261301760 0.8 11.3942 8.95295 9.52708 4.08167 33.8669 2.04244 29.1006 2.71883 43.1017 40.5043 3.34061 27.8719 9.28685 94.5415
9261273088 0.8 11.3988 7.90026 9.80205 4.53986 33.8532 3.37511 30.4685 0.00469016 48.8448 39.3679 2.31616 26.6712 10.3757 84.9996
9261182976 0.8 11.4074 8.38681 10.0651 4.41711 33.8273 3.15172 29.5983 1.07224 46.0106 38.3387 3.18069 27.4628 7.69033 87.3608
9261613056 0.8 4.05283 9.35108 10.6455 4.5047 95.2177 3.40326 90.059 1.75039 41.268 36.25 1.95997 27.3564 6.92873 85.6661
9261551616 0.8 14.1407 7.82613 11.8144 5.08586 27.2899 1.66732 25.3072 0.31012 49.3089 32.6634 1.69817 23.0482 7.91192 75.8767
9261561856 0.8 6.0913 8.53225 10.637 4.44414 63.3524 0.985012 62.2336 0.128762 45.2282 36.2789 0.649925 27.8225 7.80147 86.8331
9261406208 0.8 13.2095 9.74459 11.3711 4.56063 29.2131 2.47088 26.3304 0.406797 39.6006 33.9362 2.4463 24.7105 6.77444 84.6138
9261563904 0.8 11.0737 9.77302 9.52012 2.59322 34.8482 3.40702 31.4304 0.00518056 39.4861 40.535 0.738515 28.0594 11.7321 148.81
9261279232 0.8 13.1252 10.8413 10.7272 4.19521 29.4004 1.44034 27.3306 0.624489 35.5942 35.9726 2.8995 25.603 7.465 91.9827
9261234176 0.8 11.3357 8.43404 9.91686 3.97318 34.0416 3.74798 29.4622 0.826299 45.7532 38.912 3.90285 27.4441 7.56011 97.1225
9261477888 0.8 12.7226 10.4109 10.8032 4.09129 30.3314 2.04517 26.4037 1.87751 37.0665 35.7205 1.41883 26.2823 8.01426 94.321
9261334528 0.8 11.5869 8.84071 3.75863 4.50721 33.3039 1.506 31.7872 0.00527336 43.6491 102.668 1.13203 34.862 66.6683 85.6159
9261119488 0.8 11.605 7.83868 9.4506 4.29038 33.2513 1.48856 31.753 0.00469988 49.2277 40.8312 0.984498 28.7647 11.0769 89.9407
9261529088 0.8 11.7913 9.00013 10.8444 4.21938 32.7272 1.77509 29.3258 1.62126 42.8769 35.5849 1.82049 24.9568 8.8027 91.4582
9261119488 0.8 10.9158 9.17141 9.29211 4.55586 35.3507 1.04385 34.297 0.00482792 42.0742 41.5277 1.68348 30.7558 9.08318 84.6997
9261121536 0.8 12.0747 9.21093 10.4077 4.55641 31.9579 1.27488 29.9545 0.723354 41.8937 37.0763 1.80404 30.0704 5.19687 84.6894
9261451264 0.8 12.1593 9.01975 10.1526 3.95865 31.7366 1.91292 28.008 1.81058 42.7832 38.0095 3.21462 27.8364 6.95359 97.4813
9261119488 0.8 11.2586 9.05402 9.92818 4.04756 34.2742 2.10267 31.9457 0.220864 42.6197 38.8671 2.12057 30.289 6.45253 95.3364
9261752320 0.8 12.1635 9.91074 10.4248 4.13142 31.7265 3.80882 27.9079 0.00478156 38.9382 37.0182 4.24891 25.9407 6.8236 93.4076
9261326336 0.8 3.19096 9.34245 10.6207 4.49404 120.932 6.77906 113.182 0.966049 41.3049 36.3336 2.09665 28.223 6.00897 85.8667
9261195264 0.8 12.4864 5.64114 10.6983 3.92791 30.9043 2.60676 25.6865 2.60611 68.4052 36.0695 3.55565 25.2734 7.23547 98.2414
9261244416 0.8 12.7772 5.62082 10.4146 4.595 30.2012 2.4506 26.3464 1.39913 68.6528 37.0524 1.52404 28.0028 7.52061 83.9793
9261465600 0.8 9.09127 9.80664 10.4834 4.51648 42.4467 3.4531 37.9401 1.04851 39.3503 36.8101 0.799773 27.7042 8.30106 85.4414
9261268992 0.8 11.992 9.92308 9.92956 4.33683 32.1788 3.29925 28.1557 0.718834 38.8877 38.8624 4.96178 27.5823 6.31307 88.9789
9261342720 0.8 11.2689 7.27521 9.9647 4.31854 34.2437 5.23958 28.5552 0.443795 53.0417 38.7256 5.00104 26.7796 6.94003 89.3564
9261422592 0.8 12.2563 8.06338 10.1906 3.88885 31.4852 1.01737 29.8992 0.563747 47.8574 37.8676 1.82363 28.4993 7.53968 99.2305
9261246464 0.8 12.6428 6.15063 10.2026 4.6526 30.5222 2.36947 28.1422 0.0050908 62.7391 37.8221 2.64816 25.9902 9.17866 82.9397
9261187072 0.8 12.0508 9.32063 10.0021 4.45423 32.0214 2.44614 28.5277 1.04255 41.4009 38.5803 2.71263 24.9889 10.8738 86.6329
9261254656 0.8 12.5549 9.77975 10.65 4.67282 30.7359 2.85774 27.8685 0.00469016 39.4576 36.2335 2.65932 26.106 7.4632 82.5809
9261414400 0.8 11.9954 7.39421 10.3767 4.66068 32.1701 2.86802 29.2915 0.00515812 52.1885 37.1884 3.05918 26.8503 7.27393 82.7975
9261357056 0.8 10.703 8.57856 9.48405 4.08151 36.0544 1.26774 34.7767 0.00491928 44.983 40.6883 1.23206 29.1758 10.2755 94.5458
9261561856 0.8 12.5672 9.81819 11.127 4.44465 30.7068 2.0236 28.6735 0.00469176 39.3045 34.6814 1.65153 25.7535 7.27145 86.8232
9261242368 0.8 13.1552 9.25609 11.1842 4.70304 29.3332 0.648084 28.6754 0.00476872 41.6899 34.5028 1.5437 24.2073 8.74692 82.0501
9261295616 0.8 11.8827 8.74244 9.83418 4.31148 32.4746 4.32612 28.055 0.0885387 44.1395 39.2394 4.87309 27.699 6.66241 89.5022
9261236224 0.8 12.6197 9.28244 10.6873 4.82083 30.578 2.64206 27.5743 0.356699 41.5715 36.107 2.52623 27.5368 6.03895 80.0453
9261248512 0.8 12.5722 3.27495 10.2613 4.16782 30.6936 1.69835 28.085 0.905255 117.829 37.6057 1.73236 29.61 6.25844 92.587
9261563904 0.8 12.7583 8.87889 10.6846 4.31868 30.2469 1.39899 28.8373 0.00507488 43.4625 36.1174 2.89242 25.4212 7.79881 89.3557
9261305856 0.8 11.9572 8.82725 10.578 4.37588 32.2725 4.01418 27.7284 0.525017 43.7155 36.4802 4.86585 25.5121 6.09706 88.1852
9261283328 0.8 12.1285 3.5401 9.59851 4.62743 31.8164 5.45897 26.2732 0.0792639 109.004 40.2028 5.05907 26.7383 8.40043 83.3912
9261326336 0.8 11.3229 8.20143 9.66119 4.50981 34.0804 2.00414 31.4882 0.583115 47.0514 39.9421 2.11933 32.3369 5.48084 85.5665
9261219840 0.8 12.6348 7.99374 10.9605 4.4834 30.5414 1.26767 29.264 0.00466776 48.2733 35.2069 1.69771 27.5568 5.94746 86.0695
9261172736 0.8 11.8766 5.17247 10.3154 4.02468 32.4909 1.78163 29.0046 1.69973 74.6031 37.4084 1.82735 27.6469 7.92917 95.8789
9261266944 0.8 10.9926 8.36491 9.66396 3.78182 35.1043 1.18753 33.907 0.00470464 46.1315 39.9304 1.14027 32.5501 6.23509 102.037
9261193216 0.8 11.8714 9.93417 8.54522 3.81452 32.5053 2.62196 28.6001 1.2782 38.844 45.1578 2.07479 28.6748 14.4032 101.162
9260822528 0.8 12.7326 10.267 10.7582 4.59778 30.3055 3.1409 27.1549 0.00469672 37.5832 35.8672 2.81357 27.1315 5.91711 83.9248
9261260800 0.8 11.7593 8.64714 9.89687 4.00456 32.8153 3.98223 28.823 0.00502816 44.6258 38.9907 4.6411 25.7091 8.63541 96.3615
9261213696 0.8 4.04568 6.70994 7.97003 4.52931 95.3817 1.95586 93.4161 0.00469992 57.5093 48.4169 1.74209 29.4401 17.2297 85.1971
9261291520 0.8 12.2309 7.12195 10.2055 3.99992 31.5503 1.55195 29.1516 0.841729 54.1828 37.8117 1.58242 29.3074 6.91686 96.4737
9261576192 0.8 12.317 9.45062 10.3428 4.21047 31.3307 2.79752 28.5233 0.004852 40.8332 37.3108 2.02731 25.5152 9.76336 91.6522
9261285376 0.8 12.6956 9.48451 10.1457 4.45639 30.3953 1.76984 28.6158 0.00465824 40.686 38.0346 2.1679 29.6607 6.20102 86.5919
9261201408 0.8 12.7608 6.67945 10.7441 4.35012 30.2399 1.80199 28.4278 0.00491936 57.7717 35.9157 1.92788 27.3932 6.58964 88.7063
9261162496 0.8 12.395 10.1438 10.8623 4.50375 31.1321 3.32433 27.6408 0.16195 38.0413 35.5248 3.34158 24.4402 7.73787 85.6802
9261125632 0.8 12.9865 9.15734 10.5918 4.26589 29.714 2.73476 26.8794 0.0947686 42.1389 36.4321 2.54537 23.6897 10.192 90.4571
9261471744 0.8 11.8398 6.11268 10.0537 4.07321 32.5929 2.40324 29.728 0.456571 63.1301 38.3832 2.4236 27.0558 8.89871 94.7396
9261385728 0.8 12.3886 9.19438 3.10463 3.93154 31.1488 1.09032 29.716 0.33748 41.9703 124.295 1.09862 52.6285 70.5633 98.1527
9261418496 0.8 11.9943 10.4923 9.97724 4.50905 32.1729 2.65036 29.5128 0.0047446 36.7785 38.6773 0.783356 30.8006 7.0884 85.5818
9261395968 0.8 12.7178 8.79037 10.3048 4.35383 30.3425 2.99879 26.9467 0.392049 43.8993 37.4476 3.96428 26.2926 7.18564 88.6327
9261596672 0.8 12.2574 8.03252 8.72623 4.52977 31.483 1.2112 28.0245 2.24227 48.0422 44.223 1.26478 30.283 12.6702 85.1919
9261107200 0.8 12.8685 9.39336 11.1205 4.10542 29.9864 2.25912 27.6773 0.0449903 41.08 34.6999 2.24506 24.4887 7.96108 93.9927
9261361152 0.8 12.019 9.60458 10.1976 4.57889 32.1066 2.40458 29.6923 0.00472068 40.1777 37.8412 2.31417 27.0919 8.4299 84.2758
9261289472 0.8 12.2092 9.01049 8.60881 4.44215 31.6062 0.772907 30.5346 0.293632 42.8264 44.8247 0.673073 25.8168 18.3293 86.8695
9261187072 0.8 11.8245 8.60372 10.1328 4.66756 32.6342 2.63118 29.9933 0.00467088 44.8507 38.0824 1.51084 26.9715 9.5949 82.6734
9261225984 0.8 12.2132 9.03423 10.1247 4.11984 31.5956 2.10311 28.1551 1.33238 42.7136 38.113 2.12083 24.5389 11.4483 93.665
9261363200 0.8 12.9576 10.3294 7.92363 4.6667 29.7809 1.97708 27.7932 0.00527172 37.3585 48.7012 1.51477 25.8899 21.2915 82.6902
9261535232 0.8 11.2916 6.72144 9.79372 4.11282 34.1755 2.07724 31.8254 0.267838 57.4129 39.4025 1.52956 27.9151 9.95241 93.8279
9261142016 0.8 11.4423 8.69595 10.0684 4.25155 33.724 1.63841 32.0759 0.00471412 44.3748 38.3259 1.97609 31.1778 5.16713 90.7623
9261271040 0.8 12.4864 7.19779 10.7534 4.75489 30.9045 1.33114 28.0298 1.53868 53.6118 35.8851 1.91806 25.5262 8.4359 81.1556
9260963840 0.8 11.4036 7.81729 9.1959 3.98998 33.8378 2.08841 29.0936 2.65067 49.3616 41.9615 1.5172 30.2692 10.1702 96.7106
9261309952 0.8 11.7613 9.30582 9.54698 2.24785 32.8101 1.88677 30.5117 0.406668 41.4674 40.4199 1.10739 29.1553 10.1522 171.67
9261312000 0.8 3.27559 8.41801 10.6084 4.54599 117.807 2.97809 114.022 0.801708 45.8407 36.3758 2.26359 25.4648 8.64236 84.8853
9261496320 0.8 12.6272 8.27729 10.5991 4.17026 30.5606 1.21796 29.333 0.00469508 46.621 36.4083 1.2462 26.9946 8.16249 92.5352
9261414400 0.8 11.8833 9.15555 10.4448 4.37848 32.4735 1.16585 31.2978 0.0047174 42.1484 36.9457 2.85012 26.6505 7.44008 88.1338
9261426688 0.8 10.4283 10.3255 10.4358 4.30748 37.0045 1.06664 35.9057 0.0272615 37.3729 36.9777 0.984435 29.5801 6.40826 89.5867
9261248512 0.8 12.018 9.33236 10.1603 4.56389 32.1088 1.69997 30.3533 0.0504848 41.3492 37.9797 1.44741 26.6269 9.90047 84.5519
9261506560 0.8 12.541 8.85511 10.7986 4.23142 30.7708 2.21829 28.4913 0.0561895 43.5789 35.7358 2.22492 25.4554 8.0506 91.1979
9261430784 0.8 11.7584 9.90724 10.1824 4.26278 32.8185 1.20768 31.6009 0.00484564 38.9506 37.8979 1.16941 28.9514 7.77212 90.5262
9261154304 0.8 12.4391 8.30374 10.3482 4.22171 31.0217 2.08412 28.9279 0.00466456 46.4708 37.2897 1.87116 26.7681 8.64553 91.4041
9261307904 0.8 12.6367 9.40715 10.9301 4.44435 30.5371 1.9751 27.1505 1.40658 41.0207 35.3049 2.11842 25.8146 7.36685 86.8265
9261201408 0.8 11.7697 9.02788 10.3999 4.07878 32.7863 3.87584 28.3642 0.541254 42.7435 37.1047 3.08133 24.4469 9.5715 94.6077
9261176832 0.8 12.327 8.43035 10.548 4.26763 31.3039 1.75563 29.5385 0.00475744 45.773 36.5835 2.54611 27.1142 6.91827 90.4208
9261352960 0.8 12.0594 7.9693 10.4934 4.39682 31.9991 1.95044 29.3263 0.717402 48.4221 36.7746 2.46851 27.3955 6.90552 87.7656
9261527040 0.8 12.1515 8.00769 10.3508 4.13977 31.7571 2.04655 29.7008 0.0047094 48.1908 37.2817 1.38333 27.2902 8.60312 93.217
9261377536 0.8 12.7471 8.789 10.4903 4.45245 30.2728 1.15625 28.5848 0.526849 43.9061 36.7855 1.10443 26.8968 8.77929 86.6692
9261586432 0.8 11.39 8.21343 9.42209 3.82052 33.8806 2.59655 31.2741 0.0048296 46.984 40.9569 2.58006 27.072 11.2999 101.007
9261266944 0.8 13.1365 10.0293 10.281 4.04455 29.375 1.43289 27.9324 0.004772 38.4759 37.534 1.36543 28.4284 7.73514 95.4089
9261453312 0.8 12.329 8.22595 10.101 3.84338 31.2997 2.41173 28.5715 0.311409 46.9118 38.2035 1.84349 27.3082 9.04687 100.405
9261256704 0.8 12.1602 5.29688 10.7719 4.42454 31.7334 5.6965 25.8672 0.164745 72.8515 35.8235 4.77169 23.5251 7.52153 87.2149
9261430784 0.8 11.7315 7.25083 10.2809 4.11273 32.8936 1.8308 31.0531 0.0046982 53.2205 37.5351 3.00328 28.8361 5.69071 93.8289
9261582336 0.8 13.1721 5.43816 11.1063 4.41565 29.2968 3.02528 26.2217 0.0447677 70.9614 34.746 2.53402 23.7498 8.45714 87.3936
9261649920 0.8 9.98287 8.88445 10.5176 4.69136 38.6564 3.70076 34.9456 0.00501232 43.4357 36.6912 1.24185 26.65 8.7942 82.258
9261230080 0.8 12.2424 9.17968 10.1813 4.16322 31.5205 2.49749 26.828 2.18994 42.0368 37.9012 2.48604 25.9658 9.44441 92.6891
9261236224 0.8 11.6182 8.15801 9.63355 4.19951 33.2139 2.80353 29.5644 0.840945 47.3014 40.0563 3.06705 30.5857 6.39861 91.888
9261430784 0.8 12.0412 10.1125 10.2542 4.28855 32.0478 1.62433 30.4138 0.00467104 38.1601 37.6327 0.996354 26.0121 10.6192 89.9821
9261185024 0.8 11.5652 8.60682 9.81431 4.34284 33.3658 2.11975 31.0117 0.229336 44.8346 39.3184 1.59368 30.891 6.82858 88.8549
9261266944 0.8 11.5051 8.89965 9.58202 3.88409 33.5406 1.07802 32.4525 0.00480068 43.3597 40.2719 2.43131 27.5742 10.2613 99.3504
9261350912 0.8 12.7557 9.32441 11.0753 4.8217 30.2524 2.62809 27.2798 0.339542 41.3849 34.8422 2.72009 24.9345 7.18274 80.0319
9261475840 0.8 12.2539 8.1656 10.3654 4.31174 31.4916 2.25511 29.2256 0.00536004 47.2586 37.229 1.4573 28.2372 7.52937 89.4987
9261299712 0.8 12.1657 7.18018 10.0878 4.44899 31.7192 2.29525 28.8375 0.581522 53.7434 38.253 4.30511 27.6646 6.27832 86.7359
9261551616 0.8 12.8911 9.71268 11.0436 4.51204 29.9353 1.79275 28.1329 0.00466144 39.7314 34.943 1.74812 24.4405 8.74937 85.5262
9261275136 0.8 12.8932 9.50194 10.9444 4.37344 29.9295 1.34733 26.8963 1.68077 40.6113 35.2587 1.36623 25.8033 8.08414 88.2341
9261383680 0.8 3.43279 9.96046 10.5919 4.62884 112.413 12.6342 99.1352 0.638812 38.7423 36.4328 1.88042 25.4552 9.09202 83.3667
9261479936 0.8 11.9427 8.41913 10.1325 4.82356 32.3121 5.2645 26.7714 0.27121 45.8355 38.0847 5.44915 25.4114 7.21915 80.0021
9261250560 0.8 11.9355 8.89502 9.88616 3.73088 32.3308 1.62835 30.1698 0.527557 43.3822 39.0329 1.8326 28.3202 8.87517 103.43
9261363200 0.8 11.3615 9.04154 10.078 3.83978 33.9646 2.41156 29.8326 1.71543 42.6797 38.2905 2.03442 28.2613 7.98985 100.498
9261508608 0.8 12.7966 9.01696 10.6006 4.84201 30.1561 1.12757 29.0189 0.0046742 42.7967 36.4031 2.47574 27.5928 6.32942 79.6975
9261277184 0.8 12.1328 8.80578 10.378 4.40378 31.8053 1.85362 29.269 0.67773 43.8219 37.1831 1.86785 27.894 7.4161 87.6262
9261248512 0.8 12.3298 8.6328 10.5537 4.41877 31.2971 0.245078 30.3193 0.727697 44.6999 36.5639 0.240862 26.7664 9.55147 87.3287
9261320192 0.8 12.7042 7.84751 10.5784 4.49372 30.3749 1.63801 27.7094 1.0225 49.1733 36.4787 3.37513 27.1074 5.99127 85.8728
9261688832 0.8 11.4755 9.85247 9.65177 4.06479 33.6285 1.42984 30.188 2.00576 39.1682 39.9827 1.79005 28.6648 9.5229 94.9381
9261402112 0.8 12.1096 8.32073 5.88251 4.48967 31.8667 1.31067 29.6148 0.936263 46.3772 65.5999 1.28886 27.7814 36.5246 85.9509
9261303808 0.8 11.9947 8.1653 10.3193 4.35096 32.1714 1.81618 29.8116 0.538583 47.2595 37.3947 1.87793 27.7134 7.79836 88.6902
9261281280 0.8 13.4125 8.93549 11.1826 4.93901 28.7706 1.20938 27.1849 0.371279 43.1858 34.5077 1.20512 24.7058 8.59186 78.1304
9261529088 0.8 11.538 8.1096 2.84083 4.37808 33.4458 3.93168 29.5044 0.00473516 47.5852 135.84 4.90009 109.459 21.4758 88.1429
9261201408 0.8 12.7758 9.35574 10.9204 4.39915 30.2042 1.33011 27.829 1.04012 41.2456 35.336 2.20991 26.553 6.56816 87.7177
9261051904 0.8 11.9228 9.0548 10.1621 4.40415 32.3646 2.27147 28.7257 1.36232 42.6158 37.9722 1.97886 27.5518 8.43663 87.6168
9261084672 0.8 11.9398 9.39648 10.4759 4.22871 32.3187 1.43801 30.8709 0.00476876 41.0663 36.835 1.72959 29.4611 5.63946 91.2521
9261641728 0.8 11.3844 8.71753 9.95642 4.00446 33.8975 2.44615 30.901 0.545386 44.2673 38.7591 2.40622 27.8294 8.51839 96.368
9261623296 0.8 10.7166 9.72225 9.74064 4.35071 36.0095 2.58129 31.4074 2.01568 39.6926 39.6176 2.70656 31.4727 5.43347 88.6985
9261135872 0.8 13.1161 10.4244 10.5756 4.67703 29.4203 2.42117 26.9163 0.0779436 37.0171 36.4878 2.4179 25.1147 8.95025 82.5055
9261449216 0.8 11.7518 9.60217 10.272 4.34435 32.837 1.56304 29.917 1.35185 40.1882 37.5674 2.79457 27.5878 7.17991 88.8266
9261008896 0.8 12.6549 5.90911 10.8565 4.1416 30.4922 1.60935 28.8732 0.00467092 65.3018 35.5432 1.77857 26.8757 6.88389 93.1706
9261293568 0.8 11.853 8.45334 10.314 4.2433 32.5562 2.36907 30.1773 0.00492408 45.6491 37.4141 2.46534 27.4287 7.51514 90.9405
9261256704 0.8 12.3801 7.73056 10.6342 4.32465 31.1697 0.890003 30.2695 0.00511488 49.9169 36.2873 0.89819 29.1768 6.2073 89.2294
9261512704 0.8 11.0846 4.66047 9.70014 4.24954 34.8137 2.81211 31.8922 0.103974 82.8021 39.7826 2.80951 29.5062 7.46186 90.8091
9261541376 0.8 12.8673 10.1022 11.0769 4.38428 29.9906 1.77345 28.1761 0.0361068 38.1993 34.8381 2.46868 24.4635 7.90093 88.0185
9261266944 0.8 11.945 8.19404 3.24249 3.94877 32.3053 3.37177 26.0261 2.90239 47.0935 119.009 4.04158 53.8306 61.1321 97.7231
9261623296 0.8 12.0987 7.54132 10.5539 3.90864 31.8962 0.553193 31.3332 0.00474636 51.1715 36.5646 0.542518 27.5528 8.46428 98.7301
9261357056 0.8 12.4197 9.26166 10.5281 4.14985 31.0707 1.22996 29.831 0.00476872 41.6653 36.6534 1.94458 28.3809 6.32277 92.9889
9261428736 0.8 13.5337 7.89992 11.2657 4.4973 28.5135 3.12444 24.96 0.423962 48.8477 34.2539 3.64092 25.1619 5.44606 85.8054
9261582336 0.8 12.6972 8.67501 2.98797 4.13005 30.3925 1.82193 26.983 1.58252 44.484 129.151 2.11554 72.3925 54.6381 93.4368
9261606912 0.8 12.6005 8.95856 10.5451 4.15715 30.6257 1.26566 28.738 0.617057 43.0761 36.5952 1.88483 28.193 6.51229 92.8281
9261221888 0.8 12.4496 6.69524 10.4353 4.69014 30.9956 1.90569 29.0185 0.0664463 57.6356 36.9788 1.83821 28.1864 6.94922 82.2756
9261250560 0.8 11.4112 8.35333 10.0049 4.52453 33.8163 2.02642 31.7802 0.00474952 46.1954 38.5697 2.46983 29.5643 6.53052 85.2874
9261520896 0.8 12.7072 8.34161 10.4744 4.35937 30.3683 1.59085 28.7677 0.00477196 46.2616 36.8419 2.26086 27.4008 7.17523 88.5212
9261115392 0.8 12.5573 9.59146 10.6532 3.92013 30.7295 2.5305 28.1891 0.00485036 40.2316 36.222 3.419 27.1488 5.6491 98.4354
9261481984 0.8 13.1508 9.60884 11.0311 4.72842 29.3439 1.92293 26.8381 0.577888 40.1604 34.9824 1.99132 26.4535 6.53268 81.6119
9261117440 0.8 12.0047 8.03317 10.1746 4.48975 32.144 2.64164 28.0837 1.41362 48.0358 37.9258 2.12823 27.326 8.46663 85.9468
9261373440 0.8 11.9566 7.80342 10.3781 4.29755 32.2742 1.7869 30.0854 0.396909 49.4515 37.1831 1.54094 28.6543 6.98284 89.7931
9261277184 0.8 12.6875 6.05299 10.4969 4.19793 30.4147 2.44106 27.5287 0.439812 63.7514 36.762 2.23069 27.0733 7.45309 91.9231
