260046848 0 7.37079 9.25451 10.4924 2.30364 1.10252 0.011337 0.978097 0.103515 0.878109 0.774513 0.004727 0.593483 0.166809 3.52766
260046848 0 9.19995 12.5976 10.5059 4.22025 0.883316 0.009734 0.782366 0.081482 0.645082 0.773512 0.004647 0.597009 0.162322 1.92559
520093696 0 11.1418 13.4317 11.7644 5.5342 1.45873 0.010456 1.37232 0.063494 1.21004 1.38154 0.004767 1.15648 0.210553 2.93682
520093696 0 11.3228 12.8506 11.7678 5.09459 1.43542 0.009734 1.31933 0.096504 1.26477 1.38114 0.004687 1.15788 0.208992 3.19023
1040187392 0 12.3268 13.9823 11.6999 5.7472 2.63701 0.011738 2.48655 0.129072 2.32478 2.7783 0.004647 2.31016 0.453676 5.65595
1040187392 0 12.3711 14.4902 12.5079 5.71276 2.62756 0.015783 2.48627 0.115572 2.2433 2.59883 0.004607 2.22796 0.356531 5.69004
2080374784 0 13.138 13.4808 12.3235 5.28084 4.94838 0.012058 4.69932 0.227339 4.82255 5.27542 0.004647 4.70321 0.558072 12.3109
2080374784 0 13.1158 11.504 13.4124 5.23056 4.95675 0.010976 4.66928 0.266798 5.65122 4.84714 0.004887 4.23523 0.597611 12.4292
4160749568 0 13.1044 0.0920092 13.1984 6.71067 9.92215 0.011257 9.30875 0.592483 1413.16 9.85144 0.004687 8.83777 0.99957 19.3756
4160749568 0 13.461 14.4289 12.9417 5.98386 9.65924 0.011337 9.28155 0.356651 9.01131 10.0469 0.004647 8.91521 1.11747 21.729
8321499136 0 13.4469 7.21657 12.9933 7.91468 19.3389 0.011898 18.2185 1.09856 36.0347 20.014 0.004727 17.8456 2.15401 32.8563
8321499136 0 13.6776 4.71617 13.1281 8.50442 19.0126 0.011737 18.3814 0.609308 55.1394 19.8085 0.004767 17.824 1.96998 30.5779
16642998272 0 13.8972 4.81296 13.3087 9.52558 37.4242 0.01386 36.0767 1.32401 108.061 39.0792 0.00653 35.4053 3.65585 54.5997
16642998272 0 13.6976 4.63232 13.2783 9.65288 37.9698 0.011938 36.125 1.82316 112.275 39.1687 0.004687 35.4727 3.68169 53.8796
33285996544 0 13.7403 0.247143 13.2674 10.0006 75.7035 0.012859 71.9993 3.68161 4208.85 78.4017 0.004767 70.8098 7.57753 104.012
33285996544 0 14.0502 0.474527 13.3113 10.3921 74.0335 0.012939 71.395 2.61598 2192.05 78.143 0.004606 70.5907 7.53836 100.094
66571993088 0 13.9993 0.944072 13.3534 10.6445 148.606 0.0135 143.164 5.41848 2203.62 155.793 0.004607 142.085 13.6937 195.442
66571993088 0 13.8684 0.881952 13.3421 10.9181 150.008 0.01354 143.66 6.32527 2358.83 155.926 0.004687 142.463 13.4486 190.543
133143986176 0 14.1368 1.83682 13.1905 11.0138 294.32 0.01338 285.265 9.03234 2265.19 315.435 0.004727 284.143 31.2775 377.777
133143986176 0 13.9772 1.87892 13.4234 11.0118 297.682 0.016905 286.508 11.1479 2214.44 309.963 0.004687 281.894 28.0541 377.845
266287972352 0 13.9804 3.18261 13.2788 10.8411 595.225 0.018828 573.073 22.1239 2614.68 626.678 0.005047 571.739 54.9231 767.589
266287972352 0 14.0726 3.64557 13.2793 11.0895 591.326 0.021632 571.545 19.7496 2282.63 626.652 0.004967 572.412 54.2246 750.393
