260046848 0 6.62981 12.6668 9.62923 4.22843 1.22575 0.010576 1.10152 0.103995 0.641556 0.843937 0.004647 0.666112 0.163644 1.92186
260046848 0 9.53195 12.8571 10.3163 4.18024 0.85255 0.010536 0.766702 0.065698 0.632062 0.787734 0.004647 0.590921 0.182632 1.94402
520093696 0 10.448 13.7424 11.8354 5.49984 1.5556 0.009454 1.39912 0.137325 1.18268 1.37325 0.004807 1.13361 0.225376 2.95516
520093696 0 10.6866 14.1617 11.6891 5.62084 1.52087 0.009815 1.394 0.106679 1.14767 1.39043 0.004647 1.14563 0.230544 2.89155
1040187392 0 11.5331 14.3849 12.4927 5.98858 2.81848 0.010175 2.64859 0.150144 2.25973 2.602 0.004607 2.2659 0.32204 5.42797
1040187392 0 12.4486 14.4886 12.8205 5.59985 2.61121 0.009454 2.4692 0.122983 2.24354 2.53546 0.005247 2.20797 0.312746 5.80477
2080374784 0 12.6937 13.574 13.1637 5.20969 5.12155 0.010977 4.86745 0.233308 4.78942 4.93872 0.004647 4.40757 0.517011 12.479
2080374784 0 12.9945 10.9822 12.3567 5.77552 5.00302 0.011858 4.72196 0.259586 5.91974 5.26124 0.004567 4.43637 0.810928 11.2564
4160749568 0 13.4934 14.6859 12.8843 7.32746 9.63608 0.010456 9.27675 0.339146 8.85363 10.0916 0.004647 8.9491 1.12832 17.7447
4160749568 0 13.6369 14.608 13.0146 6.90222 9.53465 0.010696 9.15416 0.360217 8.90086 9.99061 0.004527 8.8735 1.10316 18.8379
8321499136 0 13.4285 4.31321 13.2206 8.44079 19.3653 0.011137 18.228 1.11667 60.2907 19.6698 0.004607 17.7389 1.91686 30.8084
8321499136 0 13.5141 3.07482 13.1701 8.4295 19.2426 0.017947 18.1833 1.03174 84.5729 19.7453 0.004567 17.8044 1.92683 30.8496
16642998272 0 13.7936 0.141348 13.2171 5.81828 37.7054 0.011377 35.8146 1.86975 3679.52 39.3499 0.004607 35.7013 3.6343 89.3896
16642998272 0 13.7564 0.329868 13.2114 9.23337 37.8074 0.01338 36.1263 1.65799 1576.67 39.367 0.004687 35.8826 3.47009 56.3276
33285996544 0 13.775 0.247388 13.363 10.441 75.5128 0.012498 72.0895 3.40127 4204.68 77.8408 0.004687 70.5953 7.23142 99.6249
33285996544 0 13.8862 0.474885 13.298 5.60086 74.9078 0.012138 71.7381 3.14793 2190.4 78.2214 0.004687 71.1091 7.09802 185.719
66571993088 0 14.0082 0.965325 13.3123 10.5239 148.512 0.0142933 142.971 5.52098 2155.1 156.274 0.0050436 141.785 14.4792 197.681
66571993088 0 14.0075 0.969154 13.3496 10.5961 148.518 0.0142132 143.282 5.21654 2146.59 155.838 0.0047471 141.659 14.1687 196.334
133143986176 0 14.0113 1.93574 13.3187 11.0077 296.956 0.0161841 286.419 10.5158 2149.43 312.398 0.0051796 284.436 27.9511 377.986
133143986176 0 14.0169 1.93775 13.3411 11.0029 296.838 0.015443 286.469 10.3481 2147.21 311.876 0.0048672 284.201 27.6644 378.151
266287972352 0 14.0191 3.86938 13.3356 11.0754 593.583 0.0191485 572.208 21.3508 2150.6 624.005 0.0050678 568.744 55.2501 751.353
266287972352 0 14.0367 3.84754 13.334 11.0755 592.84 0.0178264 572.202 20.6147 2162.81 624.08 0.0052439 568.6 55.4687 751.343
