260046848 0 7.44901 11.0664 10.0955 4.17482 1.09095 0.011177 1.00205 0.068061 0.734335 0.804961 0.004526 0.6303 0.160639 1.94654
260046848 0 8.94873 13.0271 10.3452 4.30771 0.908114 0.009534 0.839452 0.049513 0.62381 0.785531 0.004567 0.591241 0.180029 1.88649
520093696 0 11.2903 13.8324 11.2621 5.16167 1.43955 0.009213 1.3565 0.064015 1.17499 1.44315 0.004807 1.19963 0.22866 3.14877
520093696 0 10.6695 13.5737 11.7181 5.35594 1.52331 0.010335 1.43618 0.06718 1.19738 1.38699 0.004607 1.14947 0.223333 3.03456
1040187392 0 12.2803 14.1659 12.7606 6.28454 2.64699 0.012098 2.45947 0.165888 2.29466 2.54736 0.004647 2.20513 0.328209 5.17235
1040187392 0 12.2891 13.7922 12.4844 5.56769 2.6451 0.009454 2.50261 0.123504 2.35683 2.60372 0.00641 2.21218 0.3756 5.8383
2080374784 0 13.011 12.4372 13.1914 5.05839 4.99669 0.012539 4.7734 0.20122 5.22719 4.92835 0.004847 4.40617 0.507757 12.8522
2080374784 0 12.8114 12.1848 13.0081 4.84005 5.07453 0.012018 4.82736 0.225577 5.33548 4.99777 0.004887 4.4409 0.542529 13.432
4160749568 0 13.0964 11.3846 12.9759 7.37705 9.9282 0.011537 9.23297 0.674165 11.4209 10.0203 0.004647 8.81298 1.1927 17.6254
4160749568 0 13.1941 13.8935 12.747 6.75047 9.85469 0.012098 9.22375 0.606945 9.35859 10.2003 0.004567 9.01068 1.17527 19.2614
8321499136 0 13.4926 5.44617 13.2799 8.77707 19.2733 0.012178 18.1457 1.10597 47.7486 19.582 0.004646 17.6846 1.88337 29.628
8321499136 0 13.756 7.72214 13.0183 8.04073 18.9042 0.011938 18.1459 0.736698 33.6755 19.9754 0.004807 18.195 1.76591 32.3412
16642998272 0 13.7463 0.298214 13.2164 9.66257 37.8351 0.013259 36.2286 1.58376 1744.03 39.3522 0.004847 35.6379 3.69964 53.8256
16642998272 0 13.6903 0.143841 13.1081 9.5593 37.99 0.012659 36.1714 1.79608 3615.76 39.6773 0.004807 35.9702 3.69263 54.4071
33285996544 0 13.8866 0.262687 13.3056 10.0456 74.9057 0.01322 71.7947 3.08824 3959.79 78.1769 0.004808 71.1538 7.00857 103.547
33285996544 0 13.9457 0.254634 13.3569 9.28881 74.5885 0.01378 71.4277 3.1374 4085.03 77.8767 0.004687 70.7048 7.15711 111.983
66571993088 0 13.9552 0.97066 13.3724 10.7902 149.075 0.015223 143.106 5.94467 2143.26 155.572 0.004968 141.849 13.7087 192.802
66571993088 0 14.0044 0.873579 13.394 10.5077 148.551 0.014702 143.194 5.33343 2381.44 155.322 0.004687 141.34 13.9671 197.985
133143986176 0 14.0322 1.85724 13.3043 11.0019 296.514 0.014061 286.017 10.4731 2240.29 312.737 0.00649 285.457 27.2625 378.184
133143986176 0 14.0265 1.85045 13.4241 11.0068 296.636 0.015302 286.378 10.2327 2248.51 309.946 0.004767 281.953 27.9778 378.015
266287972352 0 14.0809 3.73094 13.4245 11.0872 590.98 0.018308 568.613 22.3389 2230.4 619.874 0.005608 564.179 55.6788 750.548
266287972352 0 14.0104 3.18652 13.4537 11.0868 593.951 0.020831 572.097 21.824 2611.47 618.528 0.005007 563.886 54.6272 750.578
