260046848 0 7.35688 4.7509 10.048 1.82499 1.10461 0.011417 1.01095 0.072708 1.71051 0.808766 0.004808 0.607746 0.186197 4.45288
260046848 0 4.75781 12.2825 10.4083 4.26765 1.70803 0.009494 1.29737 0.390702 0.661627 0.780764 0.004807 0.597451 0.168892 1.9042
520093696 0 11.208 13.6965 11.929 5.35113 1.45012 0.011097 1.32958 0.099869 1.18665 1.36247 0.005207 1.12135 0.226218 3.03729
520093696 0 11.2027 13.5501 11.357 5.43056 1.4508 0.011497 1.32221 0.107481 1.19947 1.43109 0.004887 1.18765 0.228661 2.99286
1040187392 0 12.4486 14.4853 12.3783 5.95286 2.61121 0.011978 2.44444 0.145016 2.24407 2.62604 0.004647 2.27051 0.341189 5.46054
1040187392 0 12.4614 14.1496 12.565 5.78691 2.60853 0.010135 2.44661 0.142172 2.29731 2.58702 0.004927 2.23265 0.339826 5.61714
2080374784 0 12.9154 9.81369 13.0355 4.87003 5.03367 0.011377 4.76723 0.245446 6.6246 4.98728 0.004646 4.41474 0.558513 13.3493
2080374784 0 12.6846 9.53154 13.1185 5.02187 5.12524 0.011778 4.74804 0.355731 6.82069 4.95571 0.004607 4.41686 0.524543 12.9457
4160749568 0 13.0877 1.3695 12.9944 6.28755 9.93482 0.011657 9.28112 0.632384 94.9424 10.0061 0.004727 9.08118 0.910758 20.6795
4160749568 0 13.0534 13.3541 13.2134 6.94182 9.9609 0.011818 9.28977 0.649689 9.7366 9.84027 0.004647 8.80978 1.01632 18.7305
8321499136 0 13.6347 8.46476 13.1692 8.30111 19.0724 0.010095 18.3001 0.752642 30.7211 19.7465 0.004728 17.7466 1.98564 31.3268
8321499136 0 13.3835 0.151447 13.0982 8.23625 19.4304 0.010336 18.2573 1.15312 1717.09 19.8536 0.004687 17.8102 2.02919 31.5734
16642998272 0 13.7717 0.149473 13.2183 9.24276 37.7653 0.01342 36.0082 1.73403 3479.51 39.3465 0.004847 35.978 3.35428 56.2704
16642998272 0 13.7311 0.35531 13.3516 9.39099 37.8769 0.011898 35.9561 1.89931 1463.78 38.9537 0.004728 35.459 3.48047 55.3822
33285996544 0 13.8382 0.536902 13.3565 10.0997 75.1677 0.012819 71.8524 3.29283 1937.39 77.8788 0.004647 70.2837 7.58103 102.992
33285996544 0 13.8569 0.480622 13.2747 10.3614 75.0666 0.014182 71.8165 3.22633 2164.25 78.3584 0.004607 71.2411 7.10315 100.391
66571993088 0 13.9741 0.967287 13.3353 10.5942 148.874 0.0149384 143.209 5.64434 2150.73 156.005 0.0047991 141.917 14.0779 196.369
66571993088 0 13.8912 0.969797 13.3308 10.5456 149.763 0.0157316 143.226 6.51521 2145.17 156.057 0.0048071 142.16 13.8872 197.274
133143986176 0 14.0249 1.93913 13.3326 11.0006 296.669 0.0161561 286.105 10.5428 2145.67 312.073 0.0048432 283.87 28.1925 378.228
133143986176 0 14.0303 1.93702 13.3419 10.997 296.554 0.0163042 286.109 10.4233 2148.01 311.857 0.0048271 283.698 28.1482 378.354
266287972352 0 13.9965 3.87974 13.3336 11.0758 594.54 0.0197375 571.942 22.5732 2144.86 624.102 0.0050757 568.053 56.0383 751.323
266287972352 0 14.0145 3.87434 13.3378 11.0749 593.779 0.0169171 572.186 21.5708 2147.85 623.905 0.0052278 568.76 55.1335 751.383
