260046848 0 8.55951 12.8965 10.4183 4.10851 0.949407 0.0097505 0.812487 0.121878 0.630127 0.780015 0.0046387 0.600259 0.169861 1.97796
260046848 0 9.31763 12.8851 10.4027 4.14564 0.87216 0.0097506 0.776854 0.0802437 0.630688 0.781189 0.0047029 0.598044 0.173142 1.96024
260046848 0 9.219 12.9161 10.4015 4.14717 0.88149 0.0100628 0.778773 0.0873782 0.629174 0.781277 0.004647 0.604241 0.167129 1.95952
260046848 0 9.27168 12.7482 10.3416 4.15811 0.876483 0.0097265 0.769439 0.0920091 0.637458 0.785804 0.004711 0.600892 0.174945 1.95437
260046848 0 9.33895 12.9304 10.3804 4.12731 0.870169 0.0096582 0.766904 0.0882996 0.628477 0.782863 0.004643 0.602835 0.170154 1.96895
260046848 0 7.80046 12.9456 10.4147 4.14491 1.04179 0.0097224 0.920973 0.105798 0.62774 0.780287 0.004687 0.595869 0.174496 1.96059
260046848 0 9.27384 12.6905 10.4225 4.13904 0.876279 0.0097108 0.774362 0.0868936 0.640359 0.779703 0.004695 0.596562 0.173126 1.96337
260046848 0 9.37442 12.7163 10.4069 4.03371 0.866877 0.0097347 0.771242 0.0804039 0.639057 0.780872 0.0050756 0.599121 0.171067 2.01464
260046848 0 9.22026 12.808 10.3042 4.13968 0.88137 0.0099228 0.779827 0.0862967 0.634482 0.788652 0.0046789 0.61136 0.167374 1.96307
260046848 0 9.27049 12.8624 10.3791 4.20327 0.876595 0.0096862 0.770633 0.0909116 0.631798 0.782968 0.004655 0.600924 0.172173 1.93337
520093696 0 11.2493 13.6599 11.6344 5.17272 1.44479 0.0100549 1.33253 0.0968686 1.18983 1.39697 0.004699 1.1572 0.229815 3.14205
520093696 0 11.1276 10.7755 11.7259 5.20603 1.4606 0.0103633 1.33699 0.107961 1.50833 1.38607 0.0046711 1.14107 0.235099 3.12194
520093696 0 11.1785 10.4417 11.6834 4.80093 1.45394 0.0101269 1.33656 0.101916 1.55654 1.39112 0.0046831 1.15255 0.228577 3.38537
520093696 0 10.9547 10.0649 11.7136 5.33144 1.48364 0.0101473 1.35325 0.114968 1.61481 1.38752 0.0046269 1.1484 0.229178 3.04851
520093696 0 11.2203 10.3587 11.5913 5.24353 1.44853 0.0101112 1.33201 0.101107 1.56901 1.40216 0.004699 1.16265 0.22959 3.09961
520093696 0 11.1181 10.6337 11.6273 5.33448 1.46184 0.0100911 1.34402 0.102381 1.52844 1.39783 0.0046789 1.15773 0.230143 3.04677
520093696 0 11.2021 11.7178 11.7101 4.96709 1.45089 0.0099989 1.33981 0.0957787 1.38702 1.38794 0.0051276 1.15253 0.225011 3.27212
520093696 0 11.1954 10.4163 11.6398 4.91114 1.45175 0.0098747 1.34158 0.0949057 1.56034 1.39632 0.0046589 1.15718 0.229226 3.3094
520093696 0 11.1251 10.0127 11.6673 5.29488 1.46092 0.0102394 1.3386 0.106675 1.62322 1.39303 0.004639 1.1503 0.232871 3.06956
520093696 0 11.1837 10.9201 11.6291 5.20507 1.45328 0.0099908 1.33898 0.0990075 1.48836 1.39761 0.0051235 1.15449 0.232623 3.12252
1040187392 0 12.3303 9.57824 12.4161 4.98277 2.63626 0.0101831 2.47631 0.144467 3.39372 2.61804 0.0046709 2.25332 0.354737 6.52365
1040187392 0 12.3258 9.52812 12.3262 5.02786 2.63722 0.0105197 2.48552 0.135783 3.41157 2.63713 0.004655 2.2672 0.359989 6.46515
1040187392 0 12.3428 8.47158 12.4961 4.97937 2.63358 0.0105757 2.4828 0.134857 3.83705 2.60127 0.0047872 2.25133 0.339931 6.5281
1040187392 0 12.3771 9.2473 12.4198 4.73549 2.62628 0.010151 2.47572 0.135121 3.51517 2.61726 0.0049714 2.25237 0.354681 6.86431
1040187392 0 12.3434 8.84009 12.4861 4.96995 2.63347 0.0104796 2.48076 0.136948 3.6771 2.60337 0.004691 2.26091 0.33252 6.54048
1040187392 0 12.3374 7.7005 12.4518 4.87329 2.63474 0.0102753 2.49305 0.12614 4.22127 2.61053 0.004695 2.25326 0.347318 6.67021
1040187392 0 12.3321 7.9062 12.3468 5.00395 2.63588 0.0104438 2.48417 0.135659 4.11144 2.63275 0.004655 2.26561 0.357225 6.49604
1040187392 0 12.3253 8.80377 12.4257 4.69006 2.63733 0.010259 2.48774 0.133763 3.69227 2.61602 0.0047551 2.24903 0.356772 6.9308
1040187392 0 12.3064 9.33507 12.4876 4.91617 2.64139 0.0105635 2.49223 0.133299 3.48212 2.60304 0.0046908 2.24802 0.345015 6.61203
1040187392 0 12.3374 8.95013 12.4388 4.92148 2.63475 0.0103716 2.4896 0.129097 3.63189 2.61327 0.0046307 2.27105 0.33238 6.6049
2080374784 0 12.9673 6.57519 12.7989 5.14923 5.01353 0.0105076 4.79265 0.205062 9.88743 5.07948 0.0046829 4.5124 0.556782 12.6255
2080374784 0 13.0117 8.33913 12.787 5.45942 4.99641 0.0104554 4.78698 0.193653 7.79599 5.08421 0.0047149 4.49007 0.584159 11.9082
2080374784 0 12.9741 7.56558 12.7488 5.06155 5.01088 0.0104994 4.80424 0.190869 8.59309 5.09942 0.004727 4.47934 0.609761 12.8442
2080374784 0 12.9487 6.58466 12.8372 5.57451 5.0207 0.0105239 4.77855 0.226005 9.8732 5.06431 0.0046789 4.46447 0.589859 11.6623
2080374784 0 12.9443 6.80543 12.8091 5.01085 5.02242 0.0102913 4.81729 0.189555 9.55292 5.07543 0.0050274 4.46405 0.601136 12.9742
2080374784 0 12.9899 7.30111 12.8085 5.23326 5.00478 0.0104678 4.80602 0.183021 8.90435 5.07568 0.004683 4.46877 0.596974 12.4228
2080374784 0 12.9962 6.70134 12.757 5.14222 5.00236 0.0103633 4.79137 0.195339 9.70131 5.09618 0.0048393 4.50124 0.584832 12.6427
2080374784 0 12.9415 7.16407 12.7315 5.46626 5.02352 0.0102354 4.81003 0.197955 9.07468 5.10636 0.004703 4.44273 0.653711 11.8933
2080374784 0 12.713 7.78225 12.7989 5.12758 5.11379 0.0109845 4.78971 0.307771 8.35385 5.07946 0.004731 4.47122 0.5983 12.6788
2080374784 0 12.9517 6.4299 12.7433 4.98302 5.01955 0.01072 4.80256 0.200927 10.1108 5.10162 0.004659 4.49485 0.596838 13.0466
4160749568 0 13.2268 0.0711814 13.0495 6.54317 9.83029 0.0108001 9.39919 0.414991 1826.65 9.96386 0.0049673 8.90542 1.04819 19.8716
4160749568 0 13.2594 0.304583 13.0392 6.52082 9.80616 0.0117457 9.37831 0.410812 426.89 9.97175 0.004727 8.8827 1.07896 19.9397
4160749568 0 13.2404 0.309485 13.0043 6.49336 9.82023 0.0118095 9.39986 0.403249 420.128 9.99853 0.0047151 8.90558 1.08299 20.024
4160749568 0 13.1931 0.302433 13.0116 6.4731 9.85538 0.0117938 9.41251 0.425799 429.925 9.99289 0.004707 8.93594 1.04701 20.0867
4160749568 0 13.2105 7.07593 13.015 6.56061 9.84245 0.0116536 9.40065 0.424817 18.3755 9.9903 0.0050515 8.87259 1.10709 19.8188
4160749568 0 13.1945 0.30144 13.0454 6.51442 9.85438 0.0119296 9.40649 0.430698 431.341 9.967 0.0054081 8.86581 1.08988 19.9593
4160749568 0 13.2155 0.622606 13.0002 6.47929 9.83872 0.0122262 9.40627 0.414915 208.838 10.0016 0.0046749 8.89513 1.09654 20.0675
4160749568 0 13.2365 0.121376 13.0417 6.48059 9.82306 0.0120142 9.40764 0.398098 1071.24 9.96982 0.0048353 8.85474 1.10496 20.0635
4160749568 0 13.199 0.291562 13.0056 5.4161 9.85098 0.0117935 9.41603 0.417871 445.954 9.99751 0.0046868 8.94115 1.04637 24.0068
4160749568 0 13.2684 7.69911 12.9998 5.755 9.79949 0.0118295 9.35765 0.424709 16.8881 10.002 0.0046911 8.91153 1.08044 22.5931
8321499136 0 13.6219 0.197247 13.1539 8.10098 19.0904 0.0129591 18.3187 0.753476 1318.38 19.7696 0.0047672 17.7487 2.01084 32.1007
8321499136 0 13.597 0.121098 13.1491 8.07904 19.1253 0.0127552 18.3624 0.744791 2147.41 19.7768 0.004711 17.7483 2.01852 32.1878
8321499136 0 13.5818 0.153996 13.168 8.10121 19.1468 0.0130636 18.3694 0.75906 1688.67 19.7484 0.0047271 17.7499 1.98718 32.0998
8321499136 0 13.546 0.139897 13.1553 8.00431 19.1973 0.0126229 18.3773 0.801723 1858.84 19.7675 0.0046548 17.7532 2.00436 32.4883
8321499136 0 13.5911 0.172771 13.18 8.08837 19.1336 0.0128352 18.3485 0.766987 1505.15 19.7305 0.004731 17.8207 1.89945 32.1507
8321499136 0 13.6055 0.214488 13.1722 7.45876 19.1134 0.0124266 18.3334 0.762209 1212.41 19.742 0.0046629 17.7694 1.96265 34.8646
8321499136 0 13.5969 0.172998 13.1994 8.16275 19.1254 0.0127029 18.3457 0.761648 1503.18 19.7015 0.0050435 17.668 2.02314 31.8577
8321499136 0 13.5486 0.121095 13.1617 7.29792 19.1936 0.0114092 18.3565 0.820143 2147.46 19.7579 0.0047672 17.7648 1.98308 35.633
8321499136 0 13.622 0.114009 13.1425 7.43433 19.0902 0.0116653 18.3705 0.702676 2280.93 19.7867 0.004671 17.7463 2.03054 34.9792
8321499136 0 13.5525 0.127466 13.1533 7.23184 19.1881 0.0122462 18.3652 0.805373 2040.13 19.7705 0.004723 17.7807 1.9799 35.9586
16642998272 0 13.8201 0.242273 13.2562 9.39208 37.6332 0.0125908 36.2136 1.40172 2146.73 39.234 0.004663 35.5105 3.71353 55.3758
16642998272 0 13.8265 0.268812 13.3021 9.50573 37.6157 0.0120341 36.2559 1.34249 1934.79 39.0986 0.0046869 35.337 3.75158 54.7137
16642998272 0 13.7919 0.242152 13.2636 9.33136 37.71 0.0118294 36.2643 1.42858 2147.8 39.2122 0.0049352 35.4088 3.79294 55.7361
16642998272 0 13.7783 0.241777 13.2664 9.52825 37.7473 0.0132881 36.254 1.47466 2151.13 39.2039 0.0047672 35.3951 3.79876 54.5844
16642998272 0 13.7925 0.242144 13.2621 9.31471 37.7084 0.0132316 36.2035 1.48638 2147.87 39.2165 0.0046749 35.411 3.7955 55.8357
16642998272 0 13.7613 0.242183 13.2467 9.60048 37.794 0.01342 36.2529 1.52239 2147.53 39.2623 0.004659 35.4711 3.78123 54.1737
16642998272 0 13.8137 0.242447 13.2875 9.56476 37.6504 0.0131155 36.1989 1.4331 2145.18 39.1416 0.004771 35.3976 3.73388 54.376
16642998272 0 13.7999 0.242066 13.2712 9.41275 37.6882 0.0132479 36.3099 1.35979 2148.56 39.1896 0.004655 35.4346 3.74508 55.2542
16642998272 0 13.8098 0.251468 13.2485 9.51797 37.6612 0.0137525 36.2448 1.3974 2068.23 39.2568 0.0047269 35.4214 3.82554 54.6434
16642998272 0 13.8546 0.242203 13.2718 9.59536 37.5394 0.0132398 36.1831 1.33785 2147.35 39.1879 0.004687 35.3623 3.8156 54.2026
33285996544 0 13.9203 0.483333 13.3169 10.4266 74.7243 0.0138408 72.0274 2.67765 2152.11 78.1101 0.004687 70.965 7.1351 99.7629
33285996544 0 13.9333 0.483951 13.3044 10.3911 74.6547 0.0138086 72.0504 2.58523 2149.37 78.184 0.0046871 70.9101 7.26384 100.104
33285996544 0 13.9062 0.484783 13.3251 10.4501 74.8 0.0134878 72.0071 2.77407 2145.68 78.062 0.0051397 70.7955 7.25577 99.5384
33285996544 0 13.9003 0.484679 13.3212 10.4251 74.8321 0.0144056 72.0448 2.76756 2146.14 78.0849 0.004699 70.9083 7.16664 99.7768
33285996544 0 13.8951 0.484534 13.3322 10.3911 74.8602 0.0143533 72.0799 2.76064 2146.78 78.0209 0.0047192 70.9106 7.1003 100.103
33285996544 0 13.8966 0.484637 13.305 10.4515 74.8522 0.0141773 71.9711 2.86159 2146.32 78.1799 0.0047512 70.937 7.23286 99.5256
33285996544 0 13.9291 0.483937 13.2348 10.4264 74.6774 0.0137083 72.0285 2.62995 2149.43 78.5951 0.0048434 70.8922 7.69274 99.7647
33285996544 0 13.9632 0.484858 13.2918 10.4137 74.4952 0.0138445 71.9777 2.49805 2145.35 78.2579 0.004731 70.9967 7.25107 99.8867
33285996544 0 13.9113 0.483655 13.303 10.4444 74.7726 0.0138487 72.1041 2.64938 2150.68 78.192 0.0048151 70.9884 7.19353 99.5933
33285996544 0 13.8969 0.484586 13.2948 10.4768 74.8504 0.0138889 72.073 2.75808 2146.55 78.24 0.004759 70.9505 7.27947 99.2848
66571993088 0 14.0006 0.969766 13.3337 10.8519 148.592 0.0149783 143.785 4.78651 2145.23 156.024 0.0050274 142.086 13.9279 191.706
66571993088 0 14.0229 0.968799 13.3414 10.8607 148.355 0.0139848 143.708 4.62747 2147.38 155.934 0.0047993 141.927 13.9966 191.551
66571993088 0 13.9935 0.967325 13.3142 10.8487 148.667 0.0146378 143.595 5.05231 2150.65 156.252 0.004739 142.228 14.0142 191.763
66571993088 0 13.9989 0.967978 13.3029 10.8611 148.609 0.0142655 143.684 4.90617 2149.2 156.386 0.0047471 142.28 14.0954 191.543
66571993088 0 13.9828 0.968888 13.3271 10.8743 148.781 0.0151865 143.564 5.19744 2147.18 156.101 0.0047432 142.076 14.0152 191.31
66571993088 0 13.9714 0.968203 13.3367 10.8656 148.902 0.014093 143.599 5.28449 2148.7 155.989 0.0049032 142.228 13.7509 191.464
66571993088 0 13.9845 0.968592 13.3245 10.8127 148.763 0.0139486 143.653 5.09142 2147.83 156.132 0.0051998 142.112 14.0096 192.401
66571993088 0 13.9953 0.967549 13.3344 10.8331 148.648 0.0140731 143.506 5.12256 2150.15 156.016 0.004739 142.024 13.9813 192.039
66571993088 0 13.9753 0.967734 13.32 10.7689 148.861 0.0153552 143.671 5.16918 2149.74 156.184 0.0047994 142.275 13.8987 193.183
66571993088 0 13.9633 0.967635 13.3509 10.7766 148.989 0.0155349 143.629 5.33906 2149.96 155.823 0.004763 141.927 13.8857 193.046
133143986176 0 14.0092 1.93676 13.31 10.9848 297.002 0.0169092 286.929 10.0507 2148.3 312.604 0.0048312 284.876 27.7176 378.773
133143986176 0 14.0105 1.94109 13.3368 10.9907 296.974 0.0169536 286.838 10.1135 2143.51 311.975 0.0050355 284.322 27.6418 378.572
133143986176 0 14.0291 1.93449 13.3304 10.9935 296.58 0.0156676 286.925 9.63408 2150.82 312.124 0.0048352 284.326 27.7876 378.475
133143986176 0 14.0417 1.93783 13.326 10.9859 296.314 0.0159599 286.894 9.39951 2147.12 312.228 0.0048512 284.479 27.7387 378.735
133143986176 0 14.0129 1.93775 13.3353 10.9788 296.923 0.0166169 286.871 10.0308 2147.21 312.009 0.0048473 284.093 27.9066 378.981
133143986176 0 14.029 1.93349 13.3288 10.9641 296.582 0.0219847 287.088 9.46659 2151.94 312.163 0.0048073 284.46 27.6932 379.487
133143986176 0 14.024 1.93966 13.3232 10.9981 296.689 0.0163927 286.918 9.74889 2145.09 312.294 0.0049112 284.603 27.6804 378.315
133143986176 0 14.0181 1.93606 13.3212 11.0064 296.813 0.0165768 286.934 9.85786 2149.08 312.339 0.0048113 284.746 27.5836 378.031
133143986176 0 14.0142 1.93749 13.3305 10.989 296.895 0.016717 286.573 10.3 2147.5 312.123 0.0048473 284.54 27.5728 378.627
133143986176 0 14.0137 1.9359 13.3449 10.977 296.906 0.0174261 286.895 9.98835 2149.26 311.786 0.0048191 284 27.7754 379.041
266287972352 0 14.0234 3.87099 13.3356 11.062 593.403 0.0193729 573.395 19.9833 2149.71 624.008 0.0050036 568.036 55.9612 752.257
266287972352 0 14.0506 3.6032 11.0616 11.0761 592.25 0.0175462 573.286 18.9414 2309.48 752.285 0.0057244 678.133 74.1403 751.3
266287972352 0 14.0218 3.51633 10.2969 11.0742 593.47 0.0176544 573.29 20.1566 2366.53 808.155 0.0050756 735.339 72.8051 751.428
266287972352 0 14.0457 3.52528 13.3292 11.0783 592.457 0.0182552 573.178 19.2554 2360.52 624.308 0.0051036 569.151 55.1461 751.152
266287972352 0 14.0372 3.72735 13.347 11.0725 592.817 0.0173017 573.127 19.6666 2232.55 623.473 0.0050956 568.314 55.1481 751.549
266287972352 0 14.0437 3.71022 13.3223 11.0661 592.543 0.0200498 573.334 19.1835 2242.86 624.629 0.0050593 569.102 55.5164 751.984
266287972352 0 14.0393 3.6813 13.3316 11.0742 592.731 0.0202382 573.203 19.5023 2260.48 624.196 0.0051318 569.557 54.6278 751.431
266287972352 0 14.04 3.51797 13.3189 11.0738 592.7 0.0197536 573.37 19.3054 2365.42 624.788 0.0050515 569.209 55.5683 751.457
266287972352 0 14.025 3.6716 13.3323 11.0726 593.331 0.0206588 573.414 19.8915 2266.45 624.163 0.0050795 569.292 54.8603 751.538
266287972352 0 14.042 3.64996 13.3319 11.0717 592.613 0.0201542 573.343 19.2454 2279.89 624.18 0.0052278 569.215 54.9536 751.598
