260046848 0 9.24057 12.866 10.2428 1.8012 0.879433 0.011377 0.767265 0.091136 0.631623 0.793383 0.004567 0.611792 0.16745 4.51169
260046848 0 9.40204 5.2059 10.2552 4.278 0.86433 0.012138 0.760094 0.082403 1.56101 0.792423 0.004687 0.605023 0.172898 1.8996
520093696 0 11.0839 14.0275 11.6025 5.57135 1.46635 0.009214 1.38475 0.062614 1.15865 1.40081 0.004687 1.15837 0.22822 2.91723
520093696 0 10.9364 13.4982 11.7351 5.77196 1.48614 0.010856 1.40309 0.062453 1.20408 1.38499 0.004727 1.16189 0.208912 2.81584
1040187392 0 12.3613 14.4145 12.5202 6.65278 2.62965 0.011978 2.48279 0.125147 2.25508 2.59628 0.004607 2.25729 0.324845 4.88605
1040187392 0 12.013 14.3381 12.753 6.06661 2.70588 0.009735 2.56956 0.116935 2.2671 2.54888 0.005208 2.21707 0.317034 5.35816
2080374784 0 13.0926 14.7195 12.4932 5.13245 4.96553 0.012579 4.71732 0.225937 4.41671 5.20377 0.004647 4.60808 0.581067 12.6668
2080374784 0 12.9578 11.1006 12.8251 4.89903 5.01717 0.011697 4.68227 0.313588 5.85662 5.06909 0.004567 4.52936 0.525384 13.2703
4160749568 0 13.168 13.8393 13.1625 7.06162 9.87418 0.012619 9.19509 0.656139 9.39522 9.8783 0.004687 8.83787 1.02601 18.4127
4160749568 0 13.198 13.8849 13.1995 7.60031 9.85175 0.011297 9.21223 0.618564 9.36438 9.85066 0.004647 8.76524 1.071 17.1077
8321499136 0 13.6576 2.43728 13.0999 8.59714 19.0405 0.012218 18.0612 0.957429 106.696 19.851 0.004687 17.6871 2.14973 30.2481
8321499136 0 13.6066 14.2662 13.3709 8.7143 19.1118 0.012098 18.0716 1.01844 18.2281 19.4487 0.004727 17.4486 1.98564 29.8414
16642998272 0 13.843 0.316795 13.3279 9.31447 37.5708 0.012539 35.6638 1.88469 1641.74 39.0229 0.005208 35.3022 3.70597 55.8372
16642998272 0 13.8503 5.46377 13.4025 8.78892 37.551 0.011818 35.7738 1.75574 95.1895 38.8058 0.004807 35.0047 3.78677 59.1761
33285996544 0 13.8212 0.784912 13.3743 10.322 75.2601 0.015624 71.2718 3.96312 1325.23 77.7751 0.004767 71.1722 6.58859 100.774
33285996544 0 14.0854 0.580819 13.3682 10.2422 73.8485 0.011978 71.1382 2.68857 1790.9 77.8104 0.004968 70.6018 7.19382 101.559
66571993088 0 14.1258 0.96814 13.4296 10.6814 147.275 0.0144254 142.047 5.20801 2148.84 154.909 0.0049833 141.128 13.7701 194.767
66571993088 0 14.085 0.968514 13.4441 10.6699 147.701 0.0150707 142.255 5.42626 2148.01 154.742 0.0047792 141.062 13.6699 194.976
133143986176 0 14.1608 1.93883 13.4153 11.0902 293.822 0.0146259 283.925 9.87736 2146.01 310.148 0.0048191 283.038 27.0999 375.175
133143986176 0 14.1402 1.93847 13.424 11.0713 294.251 0.0146539 283.509 10.7219 2146.4 309.949 0.0048592 282.65 27.2895 375.815
266287972352 0 14.1278 3.88769 13.418 11.1574 589.018 0.0178625 567.386 21.6082 2140.48 620.176 0.0051155 566.524 53.6412 745.829
266287972352 0 14.1174 3.86713 13.4277 11.1481 589.452 0.0185475 567.355 22.0727 2151.85 619.727 0.0053157 565.952 53.7638 746.451
