260046848 0.0239966 0
260046848 10.5228 0
260046848 5.16706 0
260046848 11.4856 0
260046848 11.5117 0
260046848 11.3525 0
260046848 11.4817 0
260046848 10.9258 0
260046848 6.56628 0
260046848 11.1149 0
520093696 12.2296 0
520093696 12.6973 0
520093696 12.8542 0
520093696 13.067 0
520093696 13.0401 0
520093696 12.9201 0
520093696 12.6569 0
520093696 13.094 0
520093696 12.8043 0
520093696 12.7005 0
1040187392 12.7098 0
1040187392 12.7001 0
1040187392 13.3563 0
1040187392 13.3057 0
1040187392 13.3482 0
1040187392 13.3195 0
1040187392 13.3376 0
1040187392 13.5075 0
1040187392 13.0836 0
1040187392 12.8396 0
2080374784 13.8992 0
2080374784 13.8546 0
2080374784 13.6393 0
2080374784 13.8173 0
2080374784 13.9707 0
2080374784 13.8071 0
2080374784 13.8121 0
2080374784 13.9014 0
2080374784 13.7422 0
2080374784 13.4116 0
4160749568 14.1829 0
4160749568 14.2739 0
4160749568 14.1877 0
4160749568 14.3051 0
4160749568 14.3352 0
4160749568 14.3143 0
4160749568 14.3231 0
4160749568 14.2408 0
4160749568 14.3157 0
4160749568 14.3435 0
8321499136 14.6141 0
8321499136 6.77042 87
8321499136 12.1746 56
8321499136 14.429 0
8321499136 14.5922 0
8321499136 14.4656 0
8321499136 14.3127 0
8321499136 14.5476 0
8321499136 4.79152 108
8321499136 14.2661 0
16642998272 14.4045 56
16642998272 13.9721 138
16642998272 14.6813 0
16642998272 14.4206 93
16642998272 14.0869 231
16642998272 14.5429 0
16642998272 14.5893 79
16642998272 5.35624 237
16642998272 14.5331 0
16642998272 14.5656 0
33285996544 0.615258 201
33285996544 0.799444 625
33285996544 0.805259 468
33285996544 0.682297 557
33285996544 0.67884 1180
33285996544 0.784197 925
33285996544 0.681765 398
33285996544 8.60424 959
33285996544 0.679997 762
33285996544 0.793916 949
66571993088 1.03412 2347
66571993088 1.03358 1922
66571993088 1.03258 1494
66571993088 1.05203 1939
66571993088 1.17287 1909
66571993088 1.01852 2532
66571993088 1.05572 2335
66571993088 1.17807 1809
66571993088 1.04568 2070
66571993088 1.03213 1865
133143986176 2.11184 3704
133143986176 2.1903 4229
133143986176 2.22592 5199
133143986176 2.20351 2539
133143986176 2.43166 3169
133143986176 2.07855 4297
133143986176 2.31683 4140
133143986176 2.15532 3702
133143986176 2.14265 3388
133143986176 2.32566 4268
266287972352 3.42531 6890
266287972352 3.83441 3358
266287972352 3.37601 5182
266287972352 4.46627 5797
266287972352 3.69758 4282
266287972352 3.29989 4483
266287972352 4.66776 5484
266287972352 3.83039 6820
266287972352 3.21159 4189
266287972352 4.95973 5191
532575944704 6.31427 6978
532575944704 5.57898 5596
532575944704 5.60531 5633
532575944704 7.08111 4910
532575944704 7.12798 7226
532575944704 6.88287 6583
532575944704 5.59835 3594
532575944704 6.50538 4473
532575944704 5.59424 7607
532575944704 6.25726 4137
