260046848 0.0235723 0
260046848 9.52298 0
260046848 11.3627 0
260046848 11.3672 0
260046848 11.2737 0
260046848 6.48421 0
260046848 12.1852 0
260046848 10.5744 0
260046848 11.7667 0
260046848 11.3908 0
520093696 12.5496 0
520093696 12.4844 0
520093696 12.3849 0
520093696 12.2829 0
520093696 12.4438 0
520093696 12.6207 0
520093696 12.424 0
520093696 12.5617 0
520093696 12.2292 0
520093696 12.2878 0
1040187392 12.4337 0
1040187392 13.1164 0
1040187392 13.2039 0
1040187392 13.0725 0
1040187392 12.6005 0
1040187392 13.4239 0
1040187392 13.2162 0
1040187392 13.3534 0
1040187392 13.1773 0
1040187392 13.193 0
2080374784 13.9181 0
2080374784 13.8778 0
2080374784 13.9198 0
2080374784 13.6857 0
2080374784 13.8656 0
2080374784 13.7748 0
2080374784 13.8881 0
2080374784 13.9031 0
2080374784 13.5356 0
2080374784 13.6592 0
4160749568 14.3645 0
4160749568 14.2473 0
4160749568 14.1828 0
4160749568 14.2409 0
4160749568 14.3567 0
4160749568 14.1927 0
4160749568 14.3778 0
4160749568 14.2267 0
4160749568 14.3555 0
4160749568 14.3156 0
8321499136 4.40152 72
8321499136 4.93069 52
8321499136 14.519 0
8321499136 14.3401 0
8321499136 14.5139 0
8321499136 14.5435 0
8321499136 14.5426 0
8321499136 13.1597 6
8321499136 14.5584 0
8321499136 10.954 41
16642998272 14.2574 215
16642998272 5.72629 121
16642998272 14.2898 30
16642998272 14.6731 0
16642998272 13.19 84
16642998272 12.4751 54
16642998272 14.4875 73
16642998272 14.553 5
16642998272 0.284035 161
16642998272 14.7012 0
33285996544 12.765 467
33285996544 0.593816 1008
33285996544 0.682568 651
33285996544 7.63485 456
33285996544 0.801417 432
33285996544 0.679001 639
33285996544 0.79302 611
33285996544 0.678842 638
33285996544 0.678609 505
33285996544 0.682618 428
66571993088 1.02353 2059
66571993088 11.3098 1273
66571993088 1.03351 1103
66571993088 1.01634 1355
66571993088 1.04959 1574
66571993088 1.03389 2377
66571993088 1.0495 1683
66571993088 1.0154 2389
66571993088 1.04401 2197
66571993088 1.04115 2207
133143986176 2.09186 3801
133143986176 2.28303 3506
133143986176 2.15475 5356
133143986176 2.23794 3502
133143986176 2.20286 4570
133143986176 2.274 5457
133143986176 2.1408 2752
133143986176 2.32643 4486
133143986176 2.20156 3801
133143986176 2.21512 2953
266287972352 4.57848 8445
266287972352 3.6477 2990
266287972352 3.90305 5097
266287972352 3.35165 4798
266287972352 4.28041 5403
266287972352 3.32109 5769
266287972352 3.57574 6865
266287972352 4.00487 5807
266287972352 3.62092 3210
266287972352 4.04898 3938
