260046848 0.236076 0
260046848 10.068 0
260046848 12.4585 0
260046848 12.5911 0
520093696 12.5228 0
520093696 10.1795 0
520093696 10.4876 0
520093696 9.98065 0
1040187392 10.0289 0
1040187392 9.95594 0
1040187392 9.91157 0
1040187392 9.57371 0
2080374784 8.95142 0
2080374784 8.55554 0
2080374784 8.45924 0
2080374784 9.09765 0
4160749568 6.46851 36
4160749568 0.366014 141
4160749568 0.234977 279
4160749568 0.151218 429
8321499136 0.156576 2343
8321499136 0.137508 2072
8321499136 0.135699 2015
8321499136 0.15302 2079
16642998272 0.273355 7086
16642998272 0.243169 7754
16642998272 0.248431 8332
16642998272 0.243231 6977
33285996544 0.498278 17259
33285996544 0.498588 17638
33285996544 0.499234 17851
33285996544 0.498341 17268
66571993088 0.972764 32332
66571993088 0.975969 35407
66571993088 0.975181 36704
66571993088 0.977118 33952
133143986176 1.94892 49124
133143986176 1.96879 54522
133143986176 1.95927 51394
133143986176 1.96385 49658
266287972352 3.75742 70943
266287972352 3.76754 78661
266287972352 3.79192 72011
266287972352 3.76227 80644
532575944704 5.84289 102566
532575944704 5.82108 90641
532575944704 5.92715 101311
532575944704 5.93297 99714
