16.9
73.5
74.3
70.6
69.6
74.2
71.4
73.6
73.2
69.5
72.8
70.2
69.7
69.9
71.3
72.8
71.2
73.6
73.5
73.1
71.4
73.2
71.5
71.2
71.8
71.5
72.8
73.5
72.2
71.7
72.6
72.7
71.2
71.3
74.3
73.7
74.7
72.2
73.7
72.3
72.2
73.4
72.7
74.3
73.3
71.5
72.4
72.9
70.7
72.8
69.5
71.1
75.8
73.6
72.7
71.2
70.8
72.7
73.3
72.9
75.6
71.7
72.7
75.2
73.2
71.7
73.4
72.7
72.6
72.0
73.0
74.0
74.9
71.8
73.9
73.2
74.5
76.1
73.4
72.2
73.7
74.4
73.1
73.3
72.9
72.3
71.7
70.8
72.4
74.0
73.0
71.9
74.5
72.8
73.3
74.3
74.3
70.0
75.5
71.8
