14.9
70.1
71.2
70.9
65.8
68.9
67.4
69.4
71.2
65.5
67.7
66.5
69.9
68.0
70.9
69.6
71.6
71.6
72.1
70.6
70.3
71.0
68.9
68.3
69.6
70.2
71.9
71.6
70.5
69.8
69.6
69.0
69.1
69.2
72.0
70.2
71.1
69.1
69.7
69.8
68.1
70.5
70.0
71.6
70.1
69.6
70.2
69.6
68.5
70.8
68.6
69.1
73.1
70.7
68.2
69.4
68.4
70.2
70.6
70.4
72.7
69.5
71.0
72.0
70.1
71.1
70.9
71.1
70.1
69.9
71.6
70.4
70.4
70.0
71.8
71.7
71.6
74.6
71.4
70.7
69.2
72.2
71.2
69.7
71.0
71.4
70.3
69.3
69.6
70.1
70.7
70.0
72.2
72.3
73.3
70.6
70.9
69.9
70.6
69.6
