259911680 0 6.07307 11.1124 9.07424 3.86312 1.33742 0.0926381 1.22399 0.0156032 0.730915 0.895088 0.0330011 0.634963 0.222068 2.10251
259463168 0 6.61411 10.7633 9.22505 3.79716 1.2259 0.0636429 1.14113 0.0159076 0.753324 0.878935 0.0424431 0.596402 0.235039 2.13534
259489792 0 6.5285 10.5682 9.23126 3.47419 1.2421 0.0492335 1.16928 0.0183593 0.767305 0.878435 0.0372636 0.602795 0.23332 2.33408
260200448 0 6.57692 9.73358 9.14399 3.78411 1.23633 0.0834607 1.13011 0.0174979 0.835382 0.889247 0.0502712 0.592288 0.241432 2.14879
259774464 0 6.21989 8.24042 9.20566 3.82959 1.30516 0.0465855 1.23776 0.0156594 0.985138 0.881844 0.037664 0.607963 0.231065 2.1198
259317760 0 6.21959 10.3077 9.20072 3.23214 1.30293 0.0575697 1.22124 0.0189323 0.786177 0.880766 0.0464535 0.616904 0.212209 2.50722
260849664 0 6.27429 8.4505 9.13426 3.78902 1.2992 0.0918812 1.18488 0.0172656 0.964623 0.892416 0.0339425 0.62561 0.227676 2.15136
260048896 0 6.4419 8.23623 8.98362 3.71855 1.26151 0.0544093 1.18502 0.016905 0.98668 0.904594 0.0409734 0.629275 0.22913 2.1854
260397056 0 6.46961 10.9907 9.42261 3.8887 1.25779 0.063026 1.17065 0.0189522 0.740389 0.863605 0.0451232 0.602387 0.210883 2.09258
259334144 0 5.99582 10.7201 9.08632 3.68437 1.35164 0.135903 1.20549 0.0048754 0.75598 0.891911 0.0384412 0.602002 0.246292 2.19961
520617984 0 8.99613 9.02139 10.5555 3.97757 1.80848 0.074343 1.7102 0.0187039 1.80341 1.54132 0.0609389 1.19193 0.28319 4.09026
521050112 0 8.76238 9.25165 10.6768 4.6204 1.85826 0.109976 1.7242 0.0188761 1.75999 1.52506 0.0833524 1.13492 0.30159 3.52411
520073216 0 8.60203 10.0208 10.4606 4.0612 1.88936 0.0693437 1.79204 0.0226496 1.62186 1.55366 0.0390143 1.20859 0.300837 4.00185
519081984 0 8.94876 9.83593 10.2955 4.36348 1.81269 0.0495421 1.7531 0.0047469 1.64919 1.57557 0.0403963 1.20036 0.329219 3.71752
519368704 0 9.18465 5.22487 10.4491 4.56134 1.76711 0.099384 1.65754 0.0049356 3.10635 1.55327 0.0930706 1.10886 0.346076 3.55823
520747008 0 8.62393 8.58095 10.4395 4.35023 1.887 0.0607386 1.80226 0.0187442 1.89645 1.55883 0.0515051 1.21949 0.282249 3.7408
519122944 0 8.71275 5.46695 10.5125 4.19968 1.86194 0.09112 1.75965 0.0055323 2.9674 1.54318 0.0338464 1.19323 0.310928 3.86282
519993344 0 7.3653 6.49773 10.5094 3.99344 2.20626 0.118693 2.05381 0.0285706 2.50084 1.54621 0.0580426 1.16151 0.321472 4.06912
519106560 0 8.70167 7.86628 10.5214 3.61301 1.86425 0.104356 1.73252 0.0222012 2.06223 1.54182 0.0639355 1.20854 0.264154 4.48991
520208384 0 8.67032 7.26548 10.5324 4.57234 1.87496 0.0860963 1.76462 0.0190366 2.2375 1.54347 0.0408891 1.18258 0.314862 3.5554
1040838656 0 10.1891 7.2077 11.3466 4.44934 3.19224 0.0961554 3.072 0.0188922 4.51271 2.8666 0.0875989 2.29789 0.475898 7.31035
1039599616 0 10.6664 6.23905 11.4594 5.13603 3.04576 0.114407 2.92117 0.0049394 5.20712 2.83501 0.0867172 2.26179 0.481094 6.32541
1041186816 0 10.6924 5.73652 11.3049 4.37947 3.043 0.0872622 2.9453 0.0048631 5.67192 2.87814 0.0758089 2.27135 0.525372 7.42946
1039278080 0 10.4831 7.40083 11.3304 4.53815 3.09809 0.117563 2.95754 0.0174863 4.38835 2.8664 0.0929825 2.34181 0.426256 7.15653
1039220736 0 10.7377 6.74191 11.2902 5.03703 3.02444 0.0645362 2.9351 0.0195655 4.81698 2.87646 0.0541005 2.35028 0.466753 6.44738
1040836608 0 10.0442 4.73227 11.2739 4.41186 3.2383 0.0720433 3.13624 0.0248412 6.87327 2.88509 0.0503591 2.34372 0.485817 7.37243
1040433152 0 10.0403 8.57618 11.3144 4.7484 3.23829 0.0933151 3.11067 0.0289951 3.79114 2.87365 0.0717993 2.28096 0.515642 6.84726
1039247360 0 10.3539 7.93884 11.2727 4.41231 3.13663 0.123797 2.97675 0.0307899 4.09084 2.88098 0.105281 2.33884 0.431692 7.36042
1040201728 0 10.5376 9.94924 11.4596 4.95796 3.08479 0.11526 2.94824 0.0159638 3.26721 2.8366 0.10504 2.18974 0.536629 6.55638
1039599616 0 10.6638 5.3271 11.3481 4.64158 3.04652 0.120083 2.90119 0.0194852 6.09853 2.86282 0.0938157 2.30512 0.458668 6.99923
2080858112 0 11.3862 6.79835 11.5108 4.70354 5.71103 0.360053 5.3402 0.0051277 9.56508 5.64919 0.341678 4.45754 0.84474 13.8251
2081226752 0 11.4879 5.52438 11.4306 5.37476 5.66147 0.203852 5.44755 0.0048233 11.773 5.68984 0.195367 4.58339 0.905852 12.1007
2079940608 0 11.7656 6.23328 11.6513 5.23866 5.52443 0.144127 5.35599 0.0189043 10.4276 5.57861 0.127686 4.69404 0.751702 12.4074
2080854016 0 11.2517 6.5439 11.3384 5.00227 5.77928 0.211159 5.5439 0.0190324 9.937 5.73509 0.152099 4.62935 0.948439 12.9994
2080094208 0 11.6792 7.22355 11.8644 5.37455 5.56569 0.159762 5.36722 0.0332377 8.99875 5.47882 0.191217 4.42902 0.853349 12.0946
2079506432 0 11.4139 8.35019 11.7059 4.96269 5.69345 0.209797 5.44791 0.030317 7.7824 5.55144 0.137092 4.56627 0.842421 13.0946
2080057344 0 11.4934 7.38454 11.5166 5.06597 5.65557 0.250854 5.3787 0.0207709 8.80242 5.64419 0.0922216 4.63909 0.907658 12.8311
2081173504 0 11.1462 5.69378 11.3884 5.31146 5.83489 0.152956 5.65955 0.0171416 11.4224 5.71077 0.145533 4.75068 0.809316 12.2446
2079610880 0 11.4531 6.1362 11.3823 4.64279 5.67426 0.408878 5.25544 0.004679 10.5909 5.70957 0.315467 4.35408 1.03486 13.9976
2079510528 0 11.1219 5.93067 11.4724 5.24884 5.84296 0.414891 5.39997 0.0229224 10.9574 5.66442 0.308272 4.57179 0.77913 12.3808
4160686080 0 12.4496 6.5992 11.6317 5.35199 10.4438 0.400025 10.0338 0.0046871 19.7026 11.1782 0.387494 9.00862 1.77664 24.294
4161714176 0 11.7363 6.27724 11.6168 5.71882 11.0813 0.496225 10.5574 0.0223895 20.7183 11.1953 0.29474 9.07551 1.81983 22.7413
4161497088 0 11.7622 0.331474 11.5315 5.82607 11.0564 0.165571 10.8806 0.0049435 392.328 11.2776 0.171196 9.52184 1.57926 22.3215
4160225280 0 11.6808 7.70854 11.4258 5.78527 11.1299 0.451301 10.4571 0.216134 16.8653 11.3784 0.263585 9.62159 1.48802 22.4721
4159934464 0 12.0999 6.32998 11.6094 5.07257 10.7437 0.203135 10.5118 0.0235952 20.5369 11.1977 0.20499 9.60016 1.38713 25.6276
4160446464 0 12.5887 7.76993 11.9061 5.79426 10.3278 0.196241 10.1206 0.0053118 16.733 10.9199 0.188493 8.92729 1.79885 22.4384
4161531904 0 11.8987 7.49853 11.6475 5.50077 10.9296 0.228016 10.691 0.0049795 17.3431 11.1653 0.285342 9.15409 1.72067 23.6418
4160292864 0 11.9602 6.98707 11.8406 5.70322 10.8701 0.56977 10.2727 0.0224174 18.6071 10.9799 0.37782 8.91341 1.68347 22.7957
4160065536 0 12.1683 6.22672 11.5621 5.52839 10.6836 0.236705 10.3936 0.0480878 20.8781 11.2438 0.113934 9.42215 1.70246 23.5153
4160673792 0 12.4479 7.69774 12.1293 5.37617 10.4452 0.356151 10.0645 0.019349 16.8908 10.7196 0.344218 8.83305 1.53703 24.1847
8321581056 0 12.43 1.07936 11.5387 5.9636 20.9212 0.142404 20.7687 0.0048352 240.929 22.5371 0.134104 18.7347 3.66303 43.6061
8320569344 0 12.5439 0.342856 11.6757 6.0173 20.7286 0.351813 20.3667 0.0047831 758.388 22.27 0.337924 17.7226 4.20421 43.2117
8321701888 0 12.3144 7.83283 11.5632 5.24784 21.1177 0.545341 20.5115 0.055571 33.2004 22.4898 0.61273 18.4837 3.38806 49.5543
8321052672 0 12.5206 0.439846 11.7246 5.97289 20.7685 1.37984 19.3641 0.0192689 591.191 22.1783 1.35686 17.6624 3.15383 43.5356
8321708032 0 12.5356 0.522457 11.7747 6.49425 20.7452 0.453329 20.2812 0.0051595 497.751 22.0858 0.432161 18.0018 3.6465 40.0436
8321939456 0 12.4836 0.132491 11.745 5.96898 20.8321 0.642475 20.146 0.0383732 1962.85 22.1422 0.464401 18.2779 3.39466 43.5687
8320757760 0 12.4689 0.779733 11.788 5.11672 20.8538 0.433888 20.4099 0.0047991 333.478 22.0584 0.413201 18.4976 3.14232 50.8184
8321835008 0 12.2596 0.57272 11.5704 6.40461 21.2125 1.34606 19.8189 0.0422991 454.074 22.4761 0.364688 18.87 3.23608 40.6047
8322084864 0 12.579 8.89928 11.7426 6.40782 20.6746 0.843783 19.8069 0.0187039 29.2232 22.1472 0.665273 18.2272 3.24955 40.5856
8322099200 0 12.2185 0.307818 11.6877 5.71253 21.2845 0.335148 20.8812 0.0627415 844.868 22.2512 0.2039 18.481 3.56074 45.5254
16642306048 0 12.3253 0.302103 11.2019 6.61172 42.1954 1.80498 40.3231 0.0620846 1721.51 46.4272 1.74904 36.8049 7.86741 78.6591
16642160640 0 12.9845 0.402458 11.9394 6.08609 40.0528 0.718456 39.3244 0.0046951 1292.23 43.5588 0.69813 37.1425 5.71289 85.4518
16642594816 0 12.5783 0.251556 10.9739 6.45687 41.3473 0.749823 40.5666 0.0256223 2067.46 47.3926 0.624972 40.1616 6.60077 80.547
16643366912 0 12.8675 0.254944 11.7876 6.65062 40.4199 0.915113 39.481 0.0185435 2040.07 44.123 0.843667 37.0738 6.19981 78.2041
16642394112 0 12.2723 0.273349 11.4561 6.34353 42.378 1.84045 40.4597 0.0724283 1902.61 45.3971 1.87605 37.4217 6.09413 81.9851
16643596288 0 12.4782 0.373609 11.3579 4.85795 41.6816 1.43907 40.2323 0.0049795 1392.13 45.7929 1.84392 38.3711 5.57259 107.064
16642064384 0 12.4894 0.440358 11.4422 6.17375 41.6403 0.653187 40.9181 0.063751 1181 45.4515 0.951316 37.4855 7.00955 84.238
16643397632 0 13.1397 0.344923 11.853 6.51141 39.5829 1.47803 38.0949 0.0047791 1507.89 43.8797 1.97776 36.1026 5.79393 79.8761
16642506752 0 12.8061 0.314391 11.8319 6.57894 40.6118 0.866325 39.6755 0.0646006 1654.24 43.9557 0.823922 35.5574 7.56903 79.052
16642336768 0 12.7843 0.245613 11.7104 6.15873 40.6806 0.864602 39.805 0.0052117 2117.45 44.4114 0.69837 36.9358 6.77189 84.4449
33285191680 0 12.8674 0.484094 11.317 6.80498 80.8373 5.11475 75.6077 0.109616 2148.68 91.9115 5.40659 74.3339 12.1656 152.853
33286524928 0 12.7753 0.484155 11.3558 6.77031 81.4231 2.88907 78.5238 0.0048873 2148.49 91.6012 2.84423 75.4162 13.3356 153.642
33286610944 0 13.0932 0.536299 11.3983 6.43775 79.4464 1.69353 77.7418 0.0051998 1939.6 91.2601 1.67761 72.2564 17.3208 161.579
33286318080 0 12.6914 0.503273 11.4195 6.46815 81.9607 1.83622 79.2374 0.881499 2066.86 91.0899 2.72667 77.1502 11.2078 160.818
33286135808 0 12.9944 0.483415 11.7008 6.81617 80.0491 2.72845 77.2384 0.0767706 2151.76 88.8993 2.70482 73.7484 12.4407 152.606
33286789120 0 12.6217 0.538014 11.6438 6.77636 82.4148 3.81149 78.5433 0.0543852 1933.43 89.3363 2.73003 75.1035 11.4974 153.506
33286291456 0 12.4496 0.485432 11.3514 6.86741 83.5528 3.39634 76.7301 3.42104 2142.83 91.6361 2.58487 72.9554 16.0904 151.469
33285101568 0 12.8127 0.484405 11.748 6.56047 81.1821 1.17104 79.9437 0.0621327 2147.29 88.5393 1.16767 75.4482 11.9182 158.549
33285582848 0 12.8269 0.484177 11.5523 6.67186 81.0929 1.58404 79.4989 0.004763 2148.34 90.0407 0.859815 75.6003 13.5754 155.905
33285511168 0 12.6831 0.493692 11.2345 6.96932 82.0127 3.8524 77.6501 0.504897 2106.92 92.587 3.4029 72.9567 16.2221 149.25
66572865536 0 12.805 0.96887 11.7693 6.92654 162.468 4.90927 157.547 0.0051276 2147.25 176.765 6.84907 148.557 21.3531 300.352
66572738560 0 13.3381 0.96985 11.7598 6.79674 155.974 3.66872 150.91 1.39007 2145.07 176.908 3.58939 144.48 28.8325 306.088
66572699648 0 13.2924 0.925869 11.7023 6.7012 156.51 1.9051 154.595 0.0052519 2246.97 177.777 1.79779 146.997 28.9764 310.451
66571112448 0 12.8698 0.968953 11.7471 6.96205 161.645 2.86633 158.768 0.0053078 2147.01 177.094 2.89947 151.413 22.7764 298.813
66571466752 0 12.465 0.970685 11.5227 6.79202 166.896 5.55877 160.886 0.445645 2143.19 180.545 5.21291 148.293 27.034 306.294
66572558336 0 12.7449 0.969659 11.5647 7.10303 163.234 7.09128 155.103 1.03409 2145.49 179.892 7.14986 147.887 24.8498 292.888
66572093440 0 12.8296 0.970007 11.4292 6.72864 162.154 3.45618 158.687 0.0050516 2144.7 182.023 2.91332 151.76 27.344 309.183
66572337152 0 12.6571 0.968733 11.319 6.63459 164.364 3.67111 159.646 1.04216 2147.53 183.796 3.54517 154.681 25.5643 313.567
66572484608 0 12.8434 0.971114 11.8139 6.84233 161.982 6.82022 155.028 0.128063 2142.27 176.097 6.70273 146.974 22.4144 304.047
66571788288 0 12.8661 0.966095 11.6253 7.01777 161.694 3.06281 157.988 0.638148 2153.38 178.952 3.23502 149.133 26.579 296.443
133144393728 0 12.7269 1.93858 11.4106 6.98088 326.927 15.275 309.664 1.98303 2146.29 364.639 15.2507 302.914 46.4692 596.023
133143402496 0 12.8029 1.93393 11.6596 6.97271 324.982 6.02618 317.147 1.80418 2151.44 356.852 6.14924 298.185 52.5118 596.717
133143181312 0 12.6675 1.93737 11.4326 7.18424 328.456 8.0617 319.322 1.06707 2147.61 363.937 8.20611 301.985 53.7402 579.146
133143797760 0 12.9616 1.93695 11.7923 7.1015 321.006 6.32845 310.618 4.0539 2148.09 352.837 6.50058 297.965 48.3659 585.896
133144152064 0 13.0907 1.93389 11.2393 6.87261 317.841 9.51052 308.32 0.0052718 2151.49 370.197 9.62906 294.965 65.5973 605.411
133143212032 0 13.2881 1.93733 12.0254 6.98202 313.116 11.406 300.211 1.49297 2147.66 345.994 11.0381 285.872 49.0781 595.92
133143179264 0 12.7158 1.93698 11.5173 6.97639 327.21 9.5167 317.125 0.562824 2148.04 361.26 9.46793 290.668 61.1187 596.401
133143498752 0 13.4805 1.91047 11.8768 7.02562 308.648 7.63069 300.746 0.265548 2177.86 350.324 7.78643 286.599 55.9325 592.223
133143015424 0 12.7813 1.93961 11.716 7.02361 325.531 16.2894 309.229 0.0055362 2145.13 355.13 22.188 292.757 40.1798 592.39
133143017472 0 12.4616 1.93715 11.2224 6.79461 333.884 2.85716 328.036 2.98569 2147.86 370.75 2.97344 302.368 65.4037 612.356
266288248832 0 13.2776 3.89649 11.5636 6.91158 626.734 34.3798 592.345 0.0046909 2135.64 719.628 34.1614 572.902 112.558 1203.99
266287525888 0 12.7088 3.72475 11.5344 6.96618 654.781 32.7941 619.24 2.74225 2234.1 721.449 32.7675 580.5 108.176 1194.55
266288797696 0 12.9609 3.86446 11.3536 6.7915 642.049 18.5158 621.684 1.84396 2153.35 732.939 18.5441 597.228 117.161 1225.29
266287253504 0 13.134 3.87232 9.17544 6.97132 633.584 15.4179 615.84 2.32094 2148.96 906.929 14.9325 782.174 109.817 1193.67
266287331328 0 12.8116 3.88062 11.3292 6.9948 649.529 20.6224 628.896 0.0051116 2144.37 734.516 20.7782 610.379 103.353 1189.67
266288422912 0 12.7497 3.88311 10.5234 7.2476 652.685 7.51517 645.159 0.0052119 2143 790.76 7.68206 679.256 103.815 1148.18
266288076800 0 12.9969 3.69661 11.7938 7.00678 640.269 15.7118 619.103 5.44963 2251.12 705.586 15.473 593.773 96.3337 1187.64
266287820800 0 12.6364 3.85086 11.624 6.99651 658.534 26.1832 626.17 6.17611 2160.94 715.89 25.8572 602.301 87.725 1189.38
266288601088 0 12.7179 3.90681 11.4873 6.83206 654.315 24.9625 627.88 1.46716 2130 724.407 24.8046 597.699 101.898 1218.01
266288410624 0 13.4056 3.88262 11.5835 7.14456 620.751 16.1772 603.763 0.805522 2143.27 718.391 16.4445 583.034 118.907 1164.73
