16642832384 0 12.86 0.254407 11.7936 6.35648 40.4425 1.0184 39.3995 0.0193928 2044.31 44.0993 0.931754 35.7641 7.39805 81.8202
16643663872 0 12.4919 0.221374 11.5385 6.40004 41.6361 1.80674 39.7357 0.0884643 2349.48 45.0765 1.89044 36.916 6.26491 81.2674
16643567616 0 11.9793 0.250406 11.0384 6.65113 43.4175 1.52168 41.8848 0.0050795 2077.08 47.1184 1.48832 38.1156 7.50898 78.199
16642326528 0 12.6811 0.269854 11.2957 6.28121 41.0116 1.33881 39.6628 0.004711 1927.24 46.0418 1.30988 36.071 8.65576 82.7982
16643452928 0 12.7708 0.251463 11.7977 6.4008 40.7263 1.84704 38.6386 0.235488 2068.33 44.0854 2.11564 36.4994 5.46508 81.2567
16643940352 0 12.8155 0.250948 11.433 6.31591 40.5854 0.712431 39.4308 0.43692 2072.64 45.4931 0.703926 36.5898 8.19422 82.3513
16642217984 0 12.7976 0.234446 11.8865 6.40229 40.638 1.22605 39.3363 0.0704372 2218.29 43.7529 1.98559 36.1398 5.62216 81.2317
16643319808 0 13.0021 0.4712 11.4663 6.72259 40.0015 2.38908 37.6024 0.0047631 1103.78 45.3595 3.57195 35.7909 5.9914 77.3665
16643270656 0 12.374 0.242195 11.2945 6.04424 42.0318 1.66156 40.3601 0.0048953 2147.45 46.0492 1.68758 38.1807 6.17542 86.0492
16643512320 0 12.1791 0.316119 11.7169 6.51802 42.7052 2.05586 40.4942 0.14998 1645.3 44.3896 2.11381 36.1687 6.10178 79.7957
