259334144 0 6.50366 10.9828 8.74784 3.82598 1.2461 0.043264 1.17615 0.017186 0.737901 0.926422 0.036134 0.617681 0.263232 2.1182
259434496 0 6.08609 10.968 9.36472 3.9816 1.33211 0.081922 1.2201 0.020711 0.739182 0.865731 0.047631 0.574737 0.234029 2.0362
519303168 0 8.90292 9.93405 10.1063 4.53976 1.8228 0.104235 1.70438 0.004647 1.6336 1.60575 0.059769 1.19342 0.343152 3.57469
519667712 0 8.8108 11.2845 10.5156 4.60754 1.84315 0.119578 1.70899 0.005127 1.43911 1.54434 0.076313 1.18284 0.275731 3.52458
1039304704 0 10.4447 12.7396 10.925 5.0068 3.10956 0.058928 3.02195 0.019229 2.5494 2.97283 0.057164 2.38047 0.525303 6.48683
1040748544 0 9.8816 11.9295 11.6342 4.94736 3.29131 0.193889 3.07022 0.017706 2.72631 2.79549 0.15527 2.06592 0.565003 6.57388
2079877120 0 11.3306 11.1359 11.19 5.03326 5.73631 0.27469 5.44752 0.004607 5.83662 5.80842 0.26892 4.45072 1.07941 12.9133
2080688128 0 11.3845 11.3393 11.1746 5.11812 5.7114 0.240639 5.4565 0.004687 5.73415 5.81868 0.177944 4.86269 0.768706 12.7042
4161581056 0 12.4104 11.7842 11.4929 5.25087 10.4791 0.319196 10.1015 0.048832 11.0359 11.3156 0.308499 9.33164 1.66596 24.7672
4161236992 0 12.1793 10.9234 11.4746 6.02009 10.677 0.361419 10.2838 0.022354 11.9046 11.3327 0.362941 9.50293 1.45745 21.6008
8321318912 0 11.8077 0.138985 11.2599 6.27544 22.023 0.861765 21.1304 0.021392 1871.01 23.0945 0.575618 19.8784 2.63108 41.4379
8320528384 0 12.8129 0.124929 11.8604 6.38309 20.2933 0.980582 19.2968 0.005368 2081.31 21.9231 0.726442 18.0279 3.15931 40.7352
16643280896 0 12.377 0.242473 11.611 6.52398 42.0218 0.864329 41.098 0.048873 2144.99 44.7941 0.846982 36.6212 7.31631 79.7216
16642332672 0 13.1277 0.411972 11.6948 6.21046 39.6164 1.12836 38.4215 0.056965 1262.4 44.4703 1.13057 36.9914 6.33893 83.7414
33286801408 0 13.1243 7.21874 11.2622 6.7247 79.2584 1.82745 76.64 0.781405 144.099 92.3633 1.74052 73.1013 17.512 154.685
33286531072 0 12.3934 0.454825 11.568 6.90797 83.9321 4.07688 79.7776 0.068141 2287.04 89.921 4.03926 72.5585 13.313 150.58
66572544000 0 13.1473 0.963987 11.6729 6.97191 158.237 2.96751 154.717 0.542769 2158.11 178.224 3.15262 143.37 31.6917 298.396
66571134976 0 12.7918 0.952236 11.5382 7.18527 162.632 6.23426 150.418 5.97014 2184.7 180.3 6.51195 148.287 25.4913 289.53
133145024512 0 12.9995 1.94172 11.459 7.01853 320.072 8.51645 311.545 0.0049833 2142.83 363.101 9.43374 305.465 48.1971 592.828
133144756224 0 13.1242 1.94066 11.7608 6.97316 317.031 3.05822 313.793 0.174056 2144 353.783 3.19897 306.226 44.3521 596.684
266287226880 0 12.4916 3.87288 11.307 6.87369 666.166 13.8825 642.168 10.1098 2148.65 735.958 21.2033 582.71 132.039 1210.63
266287282176 0 12.9639 3.87502 11.5229 6.90937 641.895 20.2306 621.652 0.0059448 2147.47 722.167 20.134 580.424 121.603 1204.38
