260673536 0 7.06533 10.707 9.25442 3.96126 1.15296 0.057526 1.08121 0.004768 0.760815 0.880233 0.040781 0.604021 0.226177 2.05643
259756032 0 6.44626 10.8872 9.22185 3.93353 1.25924 0.038457 1.19286 0.018387 0.745592 0.880233 0.03333 0.629579 0.20803 2.06364
519921664 0 8.83989 10.9905 10.8176 4.73817 1.83798 0.070986 1.75289 0.004607 1.47833 1.50196 0.070506 1.14775 0.274369 3.42908
521052160 0 8.23887 11.1685 10.2617 4.48879 1.97635 0.097346 1.8649 0.004647 1.45793 1.58677 0.048512 1.2463 0.282701 3.62745
1040328704 0 10.2028 11.6129 11.6973 5.37685 3.18639 0.174501 2.99651 0.005929 2.79949 2.7793 0.104154 2.20765 0.458003 6.04634
1040994304 0 9.92197 11.4973 11.4346 4.48714 3.27869 0.082403 3.16832 0.018468 2.82946 2.84496 0.075633 2.20545 0.553705 7.24985
2079696896 0 11.5234 8.56338 11.3801 4.64433 5.63985 0.134241 5.49147 0.004567 7.58936 5.71092 0.123503 4.80252 0.775317 13.9935
2079827968 0 11.252 11.3893 11.1116 5.32495 5.77626 0.22782 5.51547 0.023515 5.70663 5.84928 0.171775 4.5191 1.14903 12.2057
4161564672 0 12.371 6.22599 11.8389 5.49369 10.5124 0.169653 10.2772 0.056084 20.8881 10.9849 0.276291 8.97575 1.72337 23.6724
4160040960 0 11.9925 11.0587 11.6989 5.62986 10.8402 0.43597 10.3685 0.026239 11.7556 11.1123 0.104514 9.224 1.77421 23.0914
8321210368 0 12.1182 12.1668 11.5907 6.16741 21.4584 0.885561 20.4701 0.093179 21.3727 22.435 0.588197 18.7165 3.12086 42.1632
8320661504 0 10.7684 12.1804 11.6666 5.99277 24.1467 0.742388 23.3235 0.071226 21.3474 22.2877 0.822306 18.4915 2.96442 43.389
16643248128 0 12.7875 0.241622 11.6974 6.7163 40.6726 1.26052 39.3967 0.005167 2152.55 44.4632 1.18525 37.3602 5.90813 77.4387
16643981312 0 12.6641 0.121822 11.6121 6.66289 41.0709 1.26733 39.1029 0.691111 4269.53 44.7916 1.18621 37.465 6.12682 78.0629
33285265408 0 12.6955 0.481042 11.1366 6.81706 81.9315 1.95215 79.8932 0.076434 2162.32 93.4007 1.8476 74.6811 16.8626 152.583
33285627904 0 12.0668 0.486766 11.2444 6.61431 86.2015 2.25821 83.2946 0.639194 2136.91 92.5064 1.73547 79.437 11.3244 157.261
66572197888 0 13.1911 1.032 11.9709 7.10789 157.712 2.23854 155.458 0.004887 2015.88 173.787 2.23021 143.535 28.0122 292.686
66571886592 0 13.0036 0.960628 11.7104 6.87763 159.984 3.90871 155.808 0.253619 2165.64 177.652 3.57597 146.565 27.5015 302.484
133143879680 0 12.9801 1.93723 11.5381 6.95434 320.547 9.05914 309.775 1.70781 2147.78 360.608 9.01491 297.254 54.3333 598.295
133143797760 0 13.0016 1.93871 11.8347 7.05729 320.017 1.70069 318.306 0.0049714 2146.14 351.571 1.76781 303.949 45.849 589.566
266287712256 0 12.5373 3.86286 10.935 6.76754 663.741 15.5594 648.171 0.0046631 2154.23 760.998 15.5264 602.24 143.225 1229.62
266288371712 0 12.6787 3.88934 11.4333 7.13775 656.336 19.0595 635.64 1.63085 2139.57 727.83 19.579 598.566 109.679 1165.85
