260724736 0.8 6.40106 9.04064 7.67934 3.16734 1.27286 0.039338 1.21874 0.004767 0.901225 1.06098 0.038337 0.78409 0.229302 2.5724
260552704 0.8 6.42677 8.52536 8.7897 2.78387 1.26693 0.129914 1.10605 0.021472 0.955065 0.926342 0.096945 0.588878 0.231185 2.9248
521152512 0.8 8.22828 7.91401 9.76938 3.45418 1.97927 0.156473 1.78154 0.031728 2.05787 1.66705 0.128151 1.17275 0.353127 4.71487
520820736 0.8 8.04459 6.57396 9.41148 3.38844 2.02318 0.131116 1.85589 0.02672 2.47577 1.72934 0.097024 1.30903 0.314029 4.80329
1041268736 0.8 9.21211 9.17278 10.1579 3.24554 3.53227 0.270924 3.22657 0.025358 3.54741 3.20338 0.26123 2.22368 0.708456 10.026
1040652288 0.8 9.0739 7.19901 10.6461 3.9381 3.58395 0.203824 3.36482 0.005288 4.51734 3.05468 0.183072 2.24463 0.617442 8.25788
2080591872 0.8 9.89391 8.92617 9.51844 3.88862 6.57157 0.249572 6.30773 0.004727 7.28403 6.83079 0.351524 5.06556 1.40418 16.7202
2081030144 0.8 9.73716 7.362 9.26438 4.07381 6.67876 0.353528 6.27284 0.042864 8.8335 7.01959 0.515969 5.33804 1.15617 15.9635
4161255424 0.8 11.0651 9.01025 9.78278 3.78334 11.7522 0.937118 10.8009 0.004567 14.4324 13.2927 0.702768 9.98289 2.59743 34.3716
4160997376 0.8 11.0577 7.65768 9.94912 4.16892 11.7593 0.585434 11.1594 0.004767 16.9805 13.0696 0.57025 9.9843 2.50522 31.1906
8322357248 0.8 11.3524 9.24975 9.86676 4.01503 22.9092 1.9447 20.923 0.032008 28.1168 26.3586 1.52752 19.1762 5.64546 64.775
8322183168 0.8 10.946 8.51187 9.68056 3.75772 23.7591 1.45858 22.1117 0.179388 30.5536 26.865 1.27658 20.7459 4.83305 69.2091
16643487744 0.8 11.0796 7.73316 10.0569 4.14755 46.9429 1.90945 45.0193 0.004647 67.257 51.7168 1.86999 37.323 12.5139 125.401
16643829760 0.8 11.0795 8.49695 9.29122 4.29608 46.9442 1.1534 45.3408 0.440337 61.2125 55.9797 1.09183 41.9368 12.9413 121.068
33286879232 0.8 11.4466 8.35285 9.83315 4.09527 90.8756 3.53379 84.5232 2.80907 124.534 105.787 5.55184 79.3073 20.9172 254.004
33286473728 0.8 11.1287 9.19388 9.97427 4.04728 93.4703 5.8148 87.3861 0.259748 113.141 104.289 6.10908 80.4025 17.7675 257.013
66572466176 0.8 11.2097 1.06377 9.37267 3.88315 185.589 19.727 165.847 0.005528 1955.68 221.963 24.0521 146.506 51.3958 535.748
66573328384 0.8 11.4237 0.958157 9.77907 4.12554 182.114 17.763 163.666 0.675848 2171.27 212.742 17.7938 158.592 36.3466 504.278
133144985600 0.8 11.8097 3.3574 9.98138 4.08901 352.318 15.8722 336.436 0.004759 1239.29 416.854 34.5604 305.303 76.9851 1017.55
133144453120 0.8 11.9221 3.42987 10.2443 4.6252 348.995 24.6359 323.874 0.479624 1213.1 406.156 26.8351 306.275 73.0403 899.585
266288394240 0.8 11.709 4.26493 8.70306 4.23161 710.695 26.1579 683.494 1.03797 1951.15 956.159 51.4876 755.062 149.605 1966.51
266288105472 0.8 11.0154 4.51619 9.71928 4.36678 755.441 36.2575 719.122 0.0559635 1842.59 856.185 53.9699 669.935 132.274 1905.64
