16643686400 0.1 12.6682 0.242164 11.6416 6.4515 41.0569 1.97158 38.8895 0.185958 2147.78 44.6772 2.01172 36.3621 6.29355 80.6192
16643254272 0.1 12.5791 0.451247 11.1731 6.46155 41.3463 1.5947 39.7353 0.005448 1152.59 46.5494 2.30964 37.9107 6.31939 80.4917
16643452928 0.2 12.5572 0.427098 11.1784 5.67284 41.4192 1.58028 39.8224 0.005448 1217.77 46.5278 2.12989 37.7802 6.60774 91.6838
16642533376 0.2 12.9879 0.473306 11.6857 6.27245 40.0434 1.14835 38.7967 0.088372 1098.82 44.5057 1.19254 36.5725 6.73076 82.9148
16642494464 0.3 11.9106 9.06977 10.6863 5.968 43.6651 1.92547 41.6853 0.044386 57.3419 48.6676 2.24783 39.6406 6.7695 87.1444
16643401728 0.3 12.3132 0.388849 11.1524 5.88191 42.2396 1.17736 41.0459 0.006009 1337.55 46.6364 1.66108 36.8708 8.09507 88.4247
16643133440 0.4 12.8795 11.3802 11.523 5.47165 40.3818 1.30394 39.0031 0.064857 45.7018 45.1355 1.07416 36.1505 7.9011 95.0531
16642924544 0.4 12.0444 0.423678 11.2399 5.76707 43.1813 1.75326 41.4116 0.005489 1227.56 46.2717 1.11282 38.7731 6.37615 90.183
16643264512 0.5 11.8841 0.161597 10.7113 5.33553 43.7645 1.85413 41.3738 0.526626 3218.5 48.5562 1.48141 35.4762 11.588 97.4789
16643825664 0.5 11.9164 0.472408 10.7241 5.30691 43.6475 1.54731 41.7892 0.301089 1101 48.4999 4.02092 35.2704 9.19888 98.0081
16643737600 0.6 11.8894 9.79105 10.0442 5.27137 43.7461 0.98547 42.108 0.642759 53.1217 51.7828 0.974293 40.7461 10.0526 98.6682
16642883584 0.6 12.1106 0.513644 10.5813 4.99566 42.9452 2.67944 40.2496 0.005248 1012.55 49.1517 2.74281 36.2354 10.1636 104.108
16643940352 0.7 11.6901 0.24918 10.5092 4.69038 44.4925 2.87685 41.5911 0.011898 2087.34 49.4923 2.84344 39.0751 7.56432 110.892
16643119104 0.7 11.7533 8.00938 10.2259 4.83717 44.2511 1.73695 42.4992 0.005007 64.936 50.8608 1.51438 36.218 13.1186 107.521
16643205120 0.8 11.5255 7.75689 9.66285 4.26104 45.1259 2.17821 42.8683 0.069504 67.0501 53.8247 2.44036 38.7374 12.6372 122.06
16643559424 0.8 11.6613 0.328035 10.7688 4.32954 44.6015 2.07169 42.5152 0.004927 1585.54 48.2978 1.6475 36.7063 9.93406 120.131
16643815424 0.9 10.9927 8.0942 9.37461 3.86558 47.3149 2.94071 44.2408 0.122343 64.2583 55.4817 2.36136 41.0253 12.0855 134.551
16644167680 0.9 10.8417 0.31472 9.04428 3.49188 47.975 3.98314 43.9114 0.070626 1652.68 57.5093 5.46447 39.6741 12.3609 148.954
16643840000 0.95 11.832 8.50469 9.1582 3.70886 43.9589 5.53041 38.4137 0.004968 61.1568 56.7928 4.38029 36.4317 15.9709 140.237
16643856384 0.95 10.8721 7.20712 8.88356 3.37224 47.8401 2.89708 43.0918 1.84139 72.1676 58.5487 2.71621 43.3569 12.4658 154.236
16643772416 0.99 10.7941 8.02451 8.87724 3.19687 48.1855 3.99316 44.1739 0.007572 64.8162 58.5901 4.49935 43.038 11.043 162.696
16643794944 0.99 10.333 7.16954 8.09472 3.02512 50.3358 3.38589 46.935 0.004927 72.5456 64.2541 3.31875 43.4202 17.5053 171.933
