261027840 0.8 6.16519 12.068 8.25123 3.22925 1.32309 0.116294 1.17387 0.023515 0.675928 0.988595 0.070224 0.647646 0.26131 2.52601
260829184 0.8 6.42364 8.44935 8.78119 2.93483 1.26889 0.066899 1.17547 0.017065 0.964679 0.928224 0.043424 0.579424 0.295962 2.7773
520912896 0.8 7.40377 8.04252 8.95353 3.50924 2.19868 0.257985 1.89118 0.040019 2.02406 1.81811 0.245847 1.2602 0.302772 4.63876
520667136 0.8 8.0435 8.72515 8.93809 3.49143 2.02286 0.109243 1.88842 0.015823 1.86482 1.82039 0.069584 1.18156 0.559954 4.66023
1040807936 0.8 9.26636 7.23796 10.8015 3.76029 3.51004 0.34872 3.13283 0.019029 4.4937 3.01117 0.258625 2.17012 0.573015 8.64966
1040930816 0.8 8.90064 8.11754 9.44741 3.75205 3.65469 0.196293 3.42499 0.023916 4.00726 3.44317 0.183833 2.59627 0.653214 8.66969
2080708608 0.8 10.6696 10.3995 9.46591 4.22407 6.09417 0.363422 5.67687 0.044266 6.2524 6.86908 0.296441 4.91689 1.6463 15.3932
2081110016 0.8 10.4059 10.0044 10.0705 3.56999 6.24976 0.558513 5.6554 0.023314 6.50062 6.45791 0.596649 4.75309 1.09872 18.2171
4160800768 0.8 11.0206 5.20223 9.82155 3.98513 11.7983 0.387658 11.1989 0.202302 24.9941 13.2387 0.516169 10.1675 2.54564 32.6275
4161548288 0.8 11.1612 7.19863 9.62369 3.66189 11.6518 0.313508 11.324 0.004767 18.0657 13.5134 0.60458 10.647 2.2524 35.514
8321974272 0.8 11.6513 10.0742 10.3892 4.32948 22.3205 0.863408 21.3529 0.094661 25.8147 25.032 0.726322 19.0436 5.25239 60.0677
8321937408 0.8 11.6411 9.2698 10.1262 4.16341 22.3399 1.06315 20.9006 0.366667 28.0546 25.6818 1.65747 18.7502 5.26469 62.4633
16643405824 0.8 11.3147 9.24973 9.664 3.95083 45.9673 2.66854 43.0671 0.222172 56.2294 53.8189 2.6024 40.5181 10.689 131.645
16643395584 0.8 11.4711 7.76567 10.0603 3.53677 45.3406 2.09833 43.2265 0.005208 66.975 51.6987 1.72697 40.774 9.18814 147.057
33286193152 0.8 12.0248 10.3227 9.67262 3.96842 86.5043 2.94695 83.542 0.005248 100.768 107.54 1.87151 79.3082 26.3507 262.118
33286817792 0.8 11.5583 9.14459 10.3014 4.2343 89.9967 8.43326 81.3974 0.156353 113.752 100.978 8.34973 76.251 16.3678 245.663
66572410880 0.8 12.0451 9.05567 9.83181 4.31868 172.716 13.4433 156.012 3.25125 229.733 211.598 18.7964 151.932 40.8594 481.719
66572386304 0.8 11.2799 1.49601 9.21099 4.05459 184.433 12.6314 169.412 2.37987 1390.62 225.859 12.3884 150.763 62.6983 513.094
133144881152 0.8 11.8428 8.87025 9.90173 4.05842 351.334 13.298 338.026 0.0046269 469.071 420.207 13.7849 309.083 97.3341 1025.22
133144883200 0.8 11.6011 8.51569 9.86182 4.16881 358.654 24.2963 325.189 9.16264 488.601 421.908 31.5285 300.17 90.2039 998.073
266288658432 0.8 11.6549 5.3174 9.9253 4.21197 713.992 38.0518 674.115 1.82086 1564.96 838.415 37.8636 624.582 175.964 1975.68
266288570368 0.8 11.6263 7.30313 10.0716 4.35806 715.75 40.6712 664.883 10.1897 1139.45 826.232 40.3305 583.028 202.867 1909.45
