260638720 0.8 6.63407 8.85749 8.1634 3.15468 1.22775 0.0877107 1.11372 0.0211355 0.919556 0.997741 0.0887481 0.672095 0.231778 2.58187
260526080 0.8 6.37984 9.76191 8.5941 3.09469 1.27612 0.0840256 1.16568 0.0212196 0.834 0.94733 0.0970529 0.604858 0.240343 2.63078
260362240 0.8 6.22066 7.21441 8.13906 3.11716 1.30795 0.125956 1.15707 0.0197252 1.12779 0.999664 0.102838 0.620502 0.271209 2.61017
260290560 0.8 6.82291 8.54902 8.79562 2.70954 1.19217 0.0415821 1.12453 0.0208071 0.951464 0.924788 0.0328012 0.612478 0.274457 3.00202
260767744 0.8 6.54507 8.63053 8.86454 3.10631 1.24506 0.123332 1.09632 0.020206 0.944205 0.91928 0.0553024 0.586908 0.271894 2.62337
260935680 0.8 6.3933 8.37083 8.54405 3.22467 1.27544 0.137726 1.10097 0.0315551 0.974125 0.954376 0.0723957 0.586259 0.290469 2.52871
260579328 0.8 6.42855 6.22915 8.55436 2.56616 1.26671 0.150004 1.09584 0.0156232 1.30726 0.951924 0.0808926 0.60971 0.25607 3.17326
260325376 0.8 6.57569 7.84252 8.45691 3.24361 1.23716 0.101563 1.11005 0.0203424 1.03732 0.961955 0.0641395 0.633329 0.259295 2.50806
260556800 0.8 6.37349 8.53251 8.36077 3.08097 1.27754 0.148842 1.11805 0.0048352 0.95428 0.973881 0.0724841 0.624444 0.271802 2.64281
260640768 0.8 6.18635 8.66397 8.27945 2.78676 1.31661 0.0924619 1.19725 0.0215722 0.940103 0.983764 0.0499506 0.653046 0.275575 2.92275
520597504 0.8 8.43721 6.55808 9.47954 3.72837 1.92821 0.115917 1.7849 0.0222131 2.48071 1.71619 0.0663189 1.24453 0.3999 4.36348
520890368 0.8 8.11089 9.22532 9.21033 3.04382 2.00691 0.147003 1.84871 0.0054961 1.76447 1.76734 0.13271 1.22299 0.406438 5.34783
520712192 0.8 8.12571 4.85157 9.51993 3.40093 2.00256 0.132422 1.84455 0.0203584 3.35402 1.70928 0.117848 1.17088 0.415308 4.78465
521119744 0.8 7.95292 5.46088 9.48325 3.19703 2.04768 0.202374 1.81008 0.0295481 2.98212 1.71724 0.128508 1.22855 0.354986 5.09378
520427520 0.8 7.62164 5.44171 9.18299 3.06099 2.13384 0.121305 1.97607 0.0311786 2.98865 1.77103 0.16761 1.2332 0.364949 5.3131
520460288 0.8 7.77457 3.32522 9.03848 2.56728 2.092 0.138747 1.94269 0.0051156 4.89123 1.79946 0.190837 1.22057 0.382899 6.33526
521037824 0.8 7.59642 3.99686 9.43711 3.05575 2.14343 0.129289 1.98979 0.0190727 4.07381 1.72536 0.0872061 1.21827 0.414667 5.32845
520828928 0.8 8.13066 5.24381 9.60343 3.06952 2.00179 0.21851 1.75352 0.0237314 3.10383 1.6948 0.210963 1.08185 0.396768 5.30242
521105408 0.8 7.78504 8.02991 9.77782 3.6625 2.09177 0.204109 1.86221 0.0202022 2.02799 1.66546 0.123344 1.19247 0.344434 4.44629
520859648 0.8 7.70456 6.64318 9.20519 2.77684 2.11263 0.19137 1.89757 0.0184275 2.45016 1.76823 0.178074 1.13339 0.451221 5.86165
1040381952 0.8 9.44801 8.06613 10.0793 3.93208 3.44114 0.219956 3.21129 0.004635 4.03067 3.22561 0.14881 2.19256 0.878947 8.26838
1040642048 0.8 9.48975 6.73022 10.0045 3.54883 3.42686 0.170106 3.24642 0.0047751 4.83195 3.25053 0.157555 2.50305 0.584705 9.16359
1040599040 0.8 9.64164 7.23782 9.72071 4.03851 3.37274 0.237614 3.11078 0.0190641 4.49289 3.3453 0.225612 2.28755 0.826934 8.05215
1040996352 0.8 9.17367 4.28642 9.39599 3.71833 3.54614 0.222019 3.30404 0.0148544 7.58935 3.46224 0.215589 2.41024 0.831152 8.74885
1040934912 0.8 9.41065 7.88631 9.7532 3.90434 3.45664 0.157034 3.26251 0.0318355 4.12477 3.33524 0.144976 2.5798 0.605275 8.33156
1040504832 0.8 9.8684 8.395 10.1465 4.07613 3.29494 0.13704 3.14795 0.0046989 3.87323 3.20463 0.260853 2.22029 0.718292 7.97712
1040367616 0.8 9.85133 3.94525 10.261 3.41454 3.30021 0.161032 3.12334 0.0062732 8.24067 3.16846 0.141779 2.34638 0.675131 9.52149
1040818176 0.8 9.06503 7.78401 9.64449 3.58132 3.58803 0.452099 3.10692 0.0238315 4.17851 3.37245 0.198832 2.41587 0.752547 9.08202
1040709632 0.8 10.193 4.73697 9.85403 3.56291 3.19063 0.173066 2.98676 0.0256062 6.86561 3.30039 0.326487 2.44528 0.523373 9.12799
1040932864 0.8 9.87248 7.531 10.073 3.69392 3.29493 0.157363 3.12763 0.0047071 4.31937 3.22935 0.196237 2.29888 0.728771 8.80614
2080909312 0.8 10.2344 3.71615 9.84471 3.63599 6.35388 0.178046 6.16592 0.004687 17.4988 6.60542 0.168679 5.14342 1.28806 17.8847
2081009664 0.8 9.86774 4.52332 9.57531 4.14042 6.59032 0.321059 6.20745 0.0564525 14.377 6.79159 0.151402 5.08088 1.55414 15.7065
2080890880 0.8 11.1128 9.62542 10.5663 3.92106 5.85164 0.181888 5.6325 0.0319517 6.75584 6.15428 0.20114 4.6967 1.25125 16.5843
2081054720 0.8 10.131 6.27537 9.84881 3.8381 6.41921 0.490792 5.88587 0.0373115 10.3632 6.60313 0.387763 4.45665 1.75351 16.944
2080817152 0.8 10.7452 7.73174 10.3265 3.6659 6.05156 0.237675 5.8039 0.0047271 8.41021 6.29695 0.502137 4.58079 1.20879 17.7379
2081132544 0.8 10.9021 6.19563 10.2257 3.85736 5.96538 0.366835 5.54424 0.048961 10.497 6.36 0.391973 4.86749 1.09532 16.8601
2080548864 0.8 9.64482 7.17755 9.56698 3.95255 6.74115 0.471928 6.04373 0.220261 9.05841 6.79599 0.459141 4.83733 1.49383 16.4494
2080827392 0.8 10.8679 7.10177 10.4574 3.77461 5.98328 0.303937 5.65199 0.0221931 9.15629 6.21815 0.430005 4.35548 1.42745 17.2272
2081513472 0.8 10.4878 6.28367 10.1627 3.62443 6.20221 0.255465 5.86676 0.0746395 10.3518 6.40056 0.25357 4.59677 1.54503 17.9469
2080503808 0.8 10.0218 7.00729 9.73746 3.88131 6.4874 0.475033 5.92243 0.0847947 9.2783 6.67687 0.486542 4.69934 1.4857 16.751
4161384448 0.8 11.0452 7.14822 10.1062 4.03387 11.7737 1.27014 10.4709 0.0274973 18.1924 12.8676 1.25453 9.36938 2.23849 32.2378
4161501184 0.8 10.8929 6.04321 9.84531 3.87527 11.9386 0.797526 11.0826 0.0532596 21.5195 13.209 0.787407 9.09794 3.31844 33.5582
4161738752 0.8 10.4777 6.51889 9.9459 3.80532 12.4124 0.645483 11.7563 0.0052476 19.9504 13.0762 1.07206 10.1306 1.86828 34.1769
4161632256 0.8 10.8806 6.92414 9.83162 4.16599 11.9526 0.968485 10.8429 0.135899 18.7823 13.2278 0.921443 9.92164 2.37949 31.2173
4160978944 0.8 11.2883 9.07212 10.3032 3.98031 11.5191 1.19373 10.315 0.0048231 14.333 12.6204 1.1843 9.22861 2.20229 32.6684
4161226752 0.8 11.0388 6.40248 9.91015 3.83332 11.7801 0.424133 11.3458 0.0047429 20.3106 13.1217 0.455656 10.2026 2.45817 33.9231
4161691648 0.8 11.4117 6.73792 10.6004 4.16859 11.3965 0.583274 10.8023 0.0052197 19.3016 12.2687 0.431472 9.34268 2.48929 31.1983
4161654784 0.8 11.5754 7.92293 10.2985 4.04388 11.2352 0.447384 10.7775 0.0050073 16.4146 12.6282 0.249051 9.87796 2.49596 32.1601
4161347584 0.8 11.2565 6.71244 10.2969 3.75991 11.5526 0.736086 10.8064 0.0048553 19.3733 12.6293 0.839549 9.55317 2.23132 34.5865
4161449984 0.8 11.6274 6.95061 10.3778 3.98096 11.1844 0.695666 10.4382 0.0452638 18.7099 12.5312 0.847533 9.23365 2.44471 32.6669
8322418688 0.8 10.5877 8.83092 9.56665 4.32687 24.5639 1.24269 23.2515 0.0644921 29.4506 27.1857 1.47719 20.761 4.94199 60.1071
8321667072 0.8 11.066 8.66014 9.65073 3.92765 23.5001 2.56278 20.8989 0.0331574 30.0286 26.9464 2.13765 19.1186 5.68487 66.2107
8322441216 0.8 11.9691 7.01222 10.1631 4.10175 21.7289 1.85147 19.8267 0.04546 37.089 25.5902 3.13197 18.3881 4.06481 63.4061
8322187264 0.8 10.5489 8.62293 9.72853 4.17625 24.6536 2.3514 22.2922 0.0048034 30.1601 26.7326 0.849652 18.7394 7.13826 62.2731
8322500608 0.8 11.2974 8.70783 9.85772 3.86619 23.0211 0.595461 22.2866 0.13374 29.8671 26.3832 1.25628 19.8029 5.31874 67.2698
8322365440 0.8 11.4425 1.81795 10.2045 4.10234 22.7288 1.42085 21.2741 0.0286747 143.059 25.4862 2.00856 18.7733 4.6991 63.3964
8321789952 0.8 12.0159 8.42996 10.6079 4.19659 21.6427 1.36297 20.2037 0.0707456 30.849 24.5153 1.87156 17.9137 4.72477 61.9684
8322457600 0.8 11.0711 6.18285 9.81991 3.74363 23.4915 2.49136 20.9185 0.0763016 42.0642 26.4846 2.73467 20.0588 3.6859 69.4718
8322363392 0.8 10.79 7.01987 9.64416 3.81029 24.1032 1.19661 22.896 0.0049114 37.0483 26.967 0.913583 20.3305 5.71768 68.2557
8322390016 0.8 11.9481 8.78643 10.2018 3.946 21.767 1.34734 20.3288 0.0855796 29.5996 25.493 1.01876 19.3792 5.08979 65.9084
16643661824 0.8 11.4419 6.98962 9.60653 3.81214 45.457 1.0591 43.7663 0.626358 74.4124 54.1418 2.40618 42.2739 9.45603 136.436
16643387392 0.8 10.4062 0.544578 9.42947 3.91582 49.9805 2.74832 46.0423 1.18467 955.063 55.1575 3.26979 41.835 10.0475 132.822
16643231744 0.8 10.6131 6.50271 9.46628 4.07605 49.0056 3.65335 45.0225 0.324524 79.9822 54.9425 4.20135 43.0897 7.64618 127.599
16643682304 0.8 11.0318 7.55607 9.71938 4.22589 47.1471 4.05366 43.0824 0.0051917 68.8341 53.5132 3.19376 41.3892 8.92474 123.078
16643534848 0.8 11.7412 8.56142 10.1337 3.92517 44.2979 2.33578 41.9341 0.0227939 60.7505 51.3247 2.40521 39.2948 9.61941 132.506
16643291136 0.8 11.5177 8.54599 10.0529 4.45821 45.157 1.48463 43.4692 0.197755 60.8593 51.7366 1.36605 41.2243 9.14043 116.662
16643375104 0.8 11.4621 7.0741 9.77958 4.05859 45.3762 5.94305 39.4226 0.0051156 73.5225 53.1828 6.40894 36.449 10.3194 128.149
16643645440 0.8 10.1352 8.07423 9.03637 4.11827 51.3176 3.83108 47.1591 0.322145 64.4166 57.5579 4.10962 39.7321 13.7105 126.294
16643819520 0.8 11.2374 2.26632 9.51174 4.23881 46.2847 3.52684 42.6896 0.0630061 229.499 54.6818 2.65045 38.2789 13.7471 122.704
16643377152 0.8 11.6531 4.90834 9.85916 3.87885 44.6323 1.84456 42.7019 0.0806203 105.964 52.7535 1.86067 39.3462 11.5415 134.087
33287104512 0.8 11.589 8.13107 9.79776 3.97903 89.7596 4.77347 82.5259 2.45509 127.932 106.169 2.60068 74.4399 29.1232 261.426
33286305792 0.8 11.489 2.75455 9.79679 4.04837 90.5389 5.55829 84.8855 0.0897618 377.629 106.177 10.1102 75.5398 20.5221 256.942
33286916096 0.8 11.9621 3.83765 10.2742 4.12119 86.9591 8.90939 77.3853 0.659188 271.055 101.245 12.2961 75.5259 13.4182 252.407
33286733824 0.8 11.4592 4.34634 9.65003 3.95993 90.7749 4.06108 86.2055 0.503043 239.33 107.793 4.24113 80.9284 22.6187 262.684
33286793216 0.8 11.7075 6.31085 9.78267 4.30258 88.8504 4.78415 83.9815 0.0794584 164.829 106.332 4.23535 81.692 20.3996 241.765
33286541312 0.8 12.4986 1.89642 10.5024 4.34538 83.2257 1.55412 80.8455 0.820853 548.51 99.0442 7.69182 73.5177 17.8293 239.382
33286207488 0.8 12.0128 1.56684 9.3345 4.40224 86.5908 7.02569 78.8693 0.69039 663.881 111.435 11.2692 79.0294 21.1312 236.288
33286348800 0.8 11.3553 7.04232 9.63893 4.09908 91.6046 6.00872 84.66 0.930485 147.707 107.916 7.10088 82.0724 18.7379 253.764
33286275072 0.8 11.4399 1.34478 9.63325 4.26183 90.9271 4.00113 86.9152 0.0051236 773.505 107.98 4.18067 82.8255 20.9683 244.073
33286395904 0.8 11.1059 5.971 9.58592 4.14397 93.6617 5.17326 86.6261 1.85716 174.209 108.513 5.38783 79.5613 23.559 251.015
66572685312 0.8 11.1046 7.213 9.29148 4.12006 187.346 13.3531 168.616 5.37193 288.423 223.904 13.4329 167.648 42.8171 504.943
66572660736 0.8 10.9708 2.88639 8.4645 3.90222 189.63 7.83294 179.26 2.53118 720.76 245.779 7.07309 165.884 72.8166 533.132
66572740608 0.8 11.6604 1.97771 9.89016 4.19585 178.415 11.5399 166.191 0.679302 1051.92 210.35 11.789 156.168 42.3877 495.823
66572871680 0.8 11.9327 2.89382 10.0974 4.23943 174.345 19.3981 153.825 1.11731 718.913 206.034 18.5349 156.393 31.1008 490.727
66572531712 0.8 11.3774 8.29418 9.59807 4.39208 182.853 14.4798 168.282 0.0852352 250.826 216.751 15.0763 151.729 49.9406 473.669
66572943360 0.8 11.8244 1.97178 9.46939 4.03291 175.942 14.592 161.032 0.312663 1055.09 219.698 14.5321 159.549 45.6111 515.857
66573041664 0.8 11.692 4.38712 9.81028 4.4728 177.935 6.93204 169.62 1.37695 474.208 212.064 7.08917 155.299 49.6711 465.125
66572265472 0.8 10.9851 9.03439 9.19811 3.81094 189.382 14.4671 168.841 6.06861 230.274 226.175 12.8581 164.104 49.2072 545.898
66572632064 0.8 11.8132 2.90718 9.96542 4.39223 176.108 3.80779 171.288 1.00698 715.606 208.761 9.12202 165.878 33.7561 473.653
66572705792 0.8 10.7222 1.78938 9.23794 4.23809 194.026 5.7821 183.702 4.53725 1162.64 225.202 4.69835 173.876 46.6221 490.881
133144645632 0.8 11.2948 3.29168 9.73021 4.23969 368.379 12.9883 349.774 5.61133 1264.03 427.614 15.4485 321.608 90.5517 981.385
133144375296 0.8 12.2646 5.17942 10.1612 4.21705 339.251 12.5679 325.673 1.00437 803.326 409.475 17.6388 309.173 82.6575 986.652
133144672256 0.8 11.8541 8.75895 9.97021 4.40933 350.999 49.1281 300.446 1.41911 475.031 417.32 49.6399 300.008 67.6667 943.629
133144258560 0.8 10.9547 2.4731 9.28624 4.22396 379.814 36.2581 337.454 6.09677 1682.41 448.056 36.4445 336.797 74.8096 985.037
133144205312 0.8 11.8651 5.28309 10.1477 4.19183 350.673 20.4291 330.233 0.0048793 787.561 410.02 20.1522 317.974 71.8877 992.586
133144821760 0.8 10.4077 5.51796 9.41316 4.19175 399.779 30.5788 357.819 11.3758 754.042 442.017 28.3998 333.529 80.0822 992.611
133144506368 0.8 11.3162 6.69144 10.0074 4.12351 367.684 15.2637 350.997 1.41783 621.804 415.768 15.7455 309.455 90.5629 1009.04
133144827904 0.8 10.726 2.82814 8.92186 4.40341 387.916 11.6824 376.224 0.004695 1471.21 466.357 12.6213 319.578 134.153 944.899
133144971264 0.8 11.8993 2.95976 9.28154 4.02906 349.667 21.1807 328.416 0.0654497 1405.78 448.285 21.1176 316.886 110.276 1032.69
133144227840 0.8 11.8108 4.3788 9.61355 4.15806 352.283 3.60964 348.664 0.004675 950.204 432.802 34.7404 296.525 101.531 1000.65
266289074176 0.8 11.8475 5.19979 9.90293 4.30589 702.385 37.0211 655.941 9.41792 1600.36 840.31 37.8044 615.7 186.8 1932.59
266288252928 0.8 10.307 7.66838 8.79148 3.67005 807.363 20.5734 786.78 0.0047551 1085.17 946.543 30.1375 677.573 238.827 2267.41
266288232448 0.8 11.4229 5.86366 9.77746 4.19305 728.491 18.7394 679.234 30.5116 1419.17 851.091 19.3893 684.219 147.477 1984.59
266288187392 0.8 11.1721 8.49894 8.63858 4.2015 744.847 36.5802 708.257 0.004699 979.123 963.296 40.3671 736.445 186.478 1980.6
266288359424 0.8 11.5128 5.56724 9.55905 4.00418 722.808 50.6291 672.168 0.0052719 1494.73 870.538 74.8586 662.261 133.412 2078.21
266287300608 0.8 11.5302 4.2763 9.78841 3.94198 721.712 52.8925 668.809 0.0051998 1945.95 850.136 55.9841 606.737 187.409 2110.99
266288707584 0.8 10.3511 8.61336 9.08448 4.22428 803.923 34.894 766.125 2.89949 966.118 916.016 35.2337 666.563 214.213 1969.93
266288756736 0.8 11.4802 3.88243 9.48012 4.17821 724.858 44.5782 669.613 10.6617 2143.38 877.787 54.2877 653.772 169.722 1991.65
266288742400 0.8 12.2022 5.21043 9.68444 4.2575 681.971 41.0402 640.921 0.0049755 1597.09 859.267 74.7515 604.152 180.358 1954.56
266289108992 0.8 11.7325 4.86049 10.0163 4.45008 709.271 51.1661 658.095 0.0047029 1712.08 830.803 79.6365 599.378 151.783 1869.98
