16643371008 0.1 12.7339 0.301891 11.6696 6.45033 40.8442 1.54569 39.2703 0.0229824 1722.82 44.5691 1.64152 37.1058 5.8166 80.6323
16642170880 0.1 12.6765 0.300434 11.3324 6.28464 41.0261 1.19426 39.7517 0.0748755 1731.05 45.8923 1.25253 37.9128 6.72171 82.7522
16642646016 0.1 12.9724 0.40553 11.8111 6.18549 40.0914 0.501785 39.5006 0.0836729 1282.48 44.0335 0.498732 36.2811 7.24796 84.0811
16643670016 0.1 12.0736 0.284986 10.9022 5.97505 43.0785 0.620634 42.4472 0.0051837 1825.05 47.7075 0.626675 38.4674 8.60819 87.0478
16642058240 0.1 12.3526 0.345831 11.5363 6.07056 42.1016 1.45557 40.3617 0.279085 1503.81 45.0805 1.49078 37.1844 6.40009 85.67
16643284992 0.1 12.7264 0.353567 11.404 6.17767 40.868 0.981605 39.6607 0.220088 1471.02 45.607 1.87308 38.4304 5.29828 84.1907
16643706880 0.1 12.6274 0.857317 11.4047 6.54304 41.1895 0.831032 40.3327 0.0206151 606.678 45.6054 0.72634 39.3442 5.52963 79.4914
16642850816 0.1 12.1061 0.429482 10.8251 6.09904 42.9608 2.66069 40.1842 0.110605 1210.97 48.0447 2.64881 39.0939 6.29675 85.274
16642363392 0.1 12.4672 0.269746 11.5328 6.18601 41.7154 2.7749 38.8962 0.0390825 1928.01 45.0951 2.56085 36.7276 5.80137 84.0726
16643958784 0.1 12.5063 0.339623 11.466 6.16204 41.589 0.751725 39.8322 0.999704 1531.47 45.3624 0.754614 35.6313 8.97107 84.4077
16642562048 0.2 12.2911 0.812407 11.4435 5.83839 42.3136 2.49502 39.1523 0.661034 640.172 45.4477 2.41975 37.0329 5.98861 89.0794
16642537472 0.2 12.2799 0.324633 11.2909 5.82513 42.352 0.949529 41.3573 0.0399315 1602.05 46.0618 0.936337 37.6427 7.4773 89.2821
16642476032 0.2 12.1228 0.322961 10.9296 5.87576 42.9007 1.08292 41.07 0.742436 1610.34 47.5843 1.13303 38.946 7.49965 88.5124
16643598336 0.2 12.8261 0.417257 11.4026 6.36474 40.551 1.83367 38.7058 0.0057926 1246.5 45.6133 1.83294 36.9885 6.78658 81.7178
16643598336 0.2 12.5134 0.268373 11.6846 6.07012 41.5643 0.829642 40.225 0.504341 1938.02 44.5126 0.814876 36.6557 7.03684 85.684
16643383296 0.2 12.3627 0.242878 11.4989 6.16473 42.0704 0.630813 41.4292 0.0050916 2141.43 45.231 0.89012 37.6306 6.70503 84.368
16643194880 0.2 12.5781 0.25891 11.5725 6.15851 41.3496 2.37904 38.7572 0.207862 2008.81 44.9427 1.97985 33.4623 9.49512 84.4522
16642590720 0.2 12.0794 0.440293 11.2003 6.06271 43.055 1.80193 41.0673 0.180357 1181.21 46.4347 1.63417 38.7488 6.04617 85.7836
16642433024 0.2 12.4481 0.484287 11.0736 6.01222 41.7797 1.35253 40.4172 0.004711 1073.9 46.9653 1.29921 39.2937 6.36679 86.5032
16643166208 0.2 12.7444 0.805337 11.5354 5.6172 40.8099 1.61443 39.1849 0.0047909 645.815 45.0873 1.60457 36.502 6.97551 92.5904
16642822144 0.3 11.7914 0.242589 10.8236 5.56772 44.1075 1.40214 42.6949 0.0049274 2143.91 48.0511 1.62226 40.4745 5.9491 93.4113
16642449408 0.3 12.4451 0.316325 11.0979 5.71434 41.7897 1.09069 40.6304 0.0634187 1644.12 46.8625 2.13604 38.427 6.29415 91.0126
16642703360 0.3 12.3649 0.676119 11.4771 5.85703 42.0612 2.6838 39.3674 0.0046791 769.22 45.315 2.48698 35.8719 6.95094 88.7966
16643133440 0.3 12.8172 0.763769 11.3116 5.76885 40.578 1.36321 38.6346 0.574974 680.962 45.9792 1.41467 37.602 6.95717 90.1562
16642449408 0.3 12.5003 5.63516 10.9858 5.90278 41.6053 2.05723 39.0208 0.521763 92.2913 47.3408 2.01408 36.9242 8.39729 88.107
16643766272 0.3 12.3343 7.90184 10.9256 5.75945 42.1684 1.59743 40.5332 0.0325207 65.8223 47.6054 1.31042 37.9333 8.35642 90.3068
16643977216 0.3 12.3454 0.363488 11.1443 6.01438 42.1312 1.77652 40.3175 0.0319277 1430.92 46.6719 1.70909 35.3697 9.58769 86.4802
16643663872 0.3 12.0107 0.48399 11.1893 5.90745 43.3044 1.44742 41.847 0.0046789 1074.64 46.483 1.46628 36.9401 8.07091 88.0439
16642703360 0.3 12.4488 9.14271 11.2403 5.44833 41.7777 0.841295 40.8614 0.069716 56.8852 46.2696 1.42761 38.0791 6.75769 95.4577
16643782656 0.3 12.3358 0.302142 11.4067 5.93074 42.1632 1.13058 41.0204 0.0063255 1721.43 45.5975 1.07863 36.6977 7.81591 87.6988
16643031040 0.4 12.1788 2.09685 10.849 5.49654 42.7048 2.16432 40.5304 0.0046589 248.036 47.9396 1.1492 36.8316 9.95356 94.6222
16643033088 0.4 11.9612 0.412733 10.7404 5.30742 43.4819 1.63444 41.8373 0.0046868 1260.12 48.4242 1.22286 38.8785 8.31765 97.994
16643158016 0.4 12.6924 0.268506 11.6436 5.74829 40.9773 0.718336 40.1946 0.05906 1937.01 44.6682 0.762277 37.2745 6.6262 90.4788
16643862528 0.4 11.8576 0.608756 10.7043 5.38189 43.8637 1.18176 42.63 0.0467618 854.4 48.5898 1.17445 38.1486 9.26148 96.6428
16643078144 0.4 11.7799 0.346995 10.8319 5.35215 44.1512 1.93778 42.1836 0.0245607 1498.86 48.0151 1.99617 36.2955 9.71823 97.1753
16643956736 0.4 12.0132 2.47961 10.8209 5.47686 43.2962 1.16564 41.991 0.134336 209.76 48.0665 1.9999 38.4672 7.59355 94.9675
16642977792 0.4 12.1206 0.354494 10.9136 5.54265 42.9099 1.46627 41.4331 0.0051597 1467.14 47.6557 1.08837 38.4559 8.10619 93.8347
16643661824 0.4 11.709 0.484395 10.543 5.52047 44.4202 1.80877 42.6007 0.0050396 1073.74 49.3328 2.16979 40.5953 6.56252 94.2155
16643964928 0.4 11.9054 1.30656 10.9771 5.66197 43.6881 0.754554 42.7844 0.143914 398.087 47.3825 0.752054 38.5047 8.12046 91.8627
16643749888 0.4 11.9311 0.538249 10.6245 5.35688 43.5934 1.79294 41.7901 0.0050636 966.313 48.9545 1.84034 39.001 8.10785 97.0932
16642881536 0.5 11.9811 0.749221 10.4116 5.35448 43.4093 2.579 40.8195 0.0051319 694.175 49.9528 2.43314 38.2598 9.25464 97.1317
16643442688 0.5 12.0992 1.56966 10.6111 5.2671 42.9869 3.11194 39.8651 0.0047031 331.35 49.0152 2.83305 39.0282 7.14869 98.7465
16643979264 0.5 12.3379 8.50689 10.8128 5.22931 42.1566 2.24051 39.4283 0.482488 61.1415 48.1025 2.19457 37.6634 8.23927 99.4633
16643749888 0.5 12.2787 0.45378 10.9376 5.18503 42.3592 1.71113 40.6382 0.004679 1146.19 47.5531 0.748056 39.0342 7.76559 100.311
16642942976 0.5 11.3903 0.666167 10.096 5.20972 45.6609 2.80457 42.2851 0.566021 780.723 51.5144 2.54733 40.5408 8.42097 99.8311
16643829760 0.5 12.0001 2.32077 10.4683 5.28989 43.343 1.94176 41.1617 0.234153 224.115 49.6852 1.50484 41.429 6.74615 98.3234
16643041280 0.5 12.3566 8.96448 11.0427 5.30106 42.0904 2.21955 39.8609 0.004727 58.0173 47.0983 2.27912 36.3084 8.50556 98.1116
16642680832 0.5 11.7789 0.554438 10.6375 5.02889 44.1539 2.25971 41.0031 0.885886 938.037 48.8916 2.48675 39.7609 6.63873 103.419
16643176448 0.5 12.2573 8.06128 10.6284 5.18848 42.4317 1.39229 40.6259 0.408185 64.5182 48.935 1.24737 37.485 10.1974 100.241
16642940928 0.5 11.5243 2.43775 10.2611 5.23121 45.13 0.803884 43.4049 0.916027 213.349 50.6858 1.47966 40.2033 8.99751 99.4209
16643721216 0.6 11.1735 9.08419 9.88415 4.99869 46.5491 1.3309 44.9605 0.252433 57.2551 52.6213 1.71566 43.7809 7.11942 104.051
16643899392 0.6 12.4677 0.821452 10.6812 5.03092 41.7176 1.83341 39.4877 0.391184 633.174 48.6951 1.89722 37.2667 9.52593 103.385
16642963456 0.6 11.5345 0.59118 10.3874 5.06073 45.09 2.07729 42.5397 0.467766 879.754 50.0697 2.07546 40.2876 7.70145 102.77
16643450880 0.6 11.8877 0.8201 10.3285 4.87716 43.7517 2.74141 40.9679 0.0370915 634.201 50.3566 2.7489 37.2613 10.3409 106.642
16643248128 0.6 11.5102 3.05257 10.1792 4.55811 45.1861 2.23538 42.9401 0.0053 170.382 51.0947 2.2512 38.2137 10.6245 114.105
16643710976 0.6 11.9756 9.60628 10.7388 4.97949 43.4314 1.8537 41.5381 0.034339 54.1433 48.4333 1.66782 37.7014 9.05879 104.452
16642793472 0.6 11.6402 2.19254 10.5753 5.08291 44.6804 1.34243 43.327 0.0051116 237.208 49.1795 1.15461 38.0311 9.98846 102.321
16642949120 0.6 12.3671 1.09311 10.3404 4.88391 42.0546 1.57337 40.4512 0.024785 475.791 50.2973 2.29227 38.421 9.57881 106.491
16644030464 0.6 12.3335 8.09227 10.877 4.94798 42.1718 0.692357 41.4204 0.0538045 64.2744 47.8189 0.701747 37.5575 9.55438 105.119
16642875392 0.6 12.3164 2.01701 10.6943 4.64295 42.2273 2.49884 39.6374 0.0857842 257.851 48.6322 2.49531 37.2998 8.83061 112.017
16643088384 0.7 11.8646 1.48302 10.1023 4.65724 43.8361 1.15643 42.6693 0.0047992 350.701 51.4831 2.73232 40.2879 8.45772 111.675
16643670016 0.7 11.9652 0.687608 10.4471 4.45227 43.4689 2.63056 40.7392 0.0938959 756.412 49.7856 2.43218 37.6375 9.71046 116.82
16643467264 0.7 11.7967 6.35726 10.3203 4.39675 44.0894 1.93809 42.0078 0.138306 81.8133 50.3966 2.39679 39.6801 8.31431 118.294
16643727360 0.7 12.2787 8.9749 10.7298 4.38912 42.3594 1.60898 40.6388 0.10611 57.9523 48.4742 1.67562 37.2593 9.53397 118.501
16643362816 0.7 12.5414 6.54242 10.6674 4.52543 41.4711 2.66521 38.6212 0.179099 79.4973 48.7564 2.55085 38.8032 7.39706 114.93
16643340288 0.7 12.0297 9.27533 9.97888 4.60656 43.2352 1.69949 40.5732 0.95712 56.0739 52.1205 1.94896 43.2207 6.94565 112.905
16643799040 0.7 11.3298 2.48165 9.69061 4.32339 45.9069 2.39046 43.4732 0.0380809 209.586 53.6724 3.38201 40.607 9.67825 120.304
16643590144 0.7 11.3515 8.52041 10.1494 4.36408 45.8188 2.07377 43.6503 0.0894615 61.0431 51.2458 1.88602 38.5308 10.8236 119.18
16643330048 0.7 11.7324 0.834287 10.5165 4.48581 44.3305 2.97405 40.9067 0.444363 623.412 49.4558 2.01665 37.5998 9.83371 115.944
16643033088 0.7 12.2827 3.84273 10.316 4.72859 42.3436 1.79892 40.5073 0.0320757 135.345 50.4162 1.75943 38.0779 10.5736 109.989
16643231744 0.8 12.0474 9.49234 9.61686 4.03466 43.1713 2.54626 40.615 0.0047471 54.7916 54.0822 3.51761 40.991 9.56837 128.908
16643909632 0.8 11.184 9.04039 9.79188 3.99473 46.5061 1.96208 44.5329 0.0052799 57.5332 53.1177 3.45268 39.3415 10.3183 130.202
16643549184 0.8 10.8911 4.57716 9.23291 3.8219 47.7555 3.05234 44.4696 0.228281 113.632 56.3323 2.99678 44.3964 8.93379 136.087
16643788800 0.8 11.7849 7.45962 10.2672 4.18364 44.1345 1.04582 42.7572 0.326159 69.7246 50.6585 1.24189 38.571 10.8404 124.322
16643471360 0.8 11.2415 7.81297 9.86464 3.80824 46.2667 1.78816 44.468 0.0050155 66.5699 52.7245 1.7066 41.3716 9.64106 136.574
16643796992 0.8 12.3916 8.27606 10.0575 4.00136 41.9734 1.05092 40.6563 0.260977 62.8462 51.7145 1.02704 38.8348 11.8475 129.985
16643889152 0.8 11.0399 8.255 9.20987 4.23868 47.1129 1.58219 45.5206 0.0048232 63.0069 56.4744 2.44047 42.4808 11.5478 122.708
16643346432 0.8 12.0521 8.53763 10.0534 4.00152 43.1548 3.46925 39.0087 0.67133 60.9191 51.7342 3.5495 37.6772 10.5022 129.977
16643827712 0.8 11.2 6.25416 10.2397 4.30628 46.4394 3.04345 43.3859 0.0047393 83.1638 50.7945 3.10266 38.6594 9.02719 120.782
16643897344 0.8 11.0493 2.06877 9.50929 4.01852 47.0728 2.32863 44.7333 0.0051758 251.415 54.6962 4.46502 39.7556 10.4703 129.431
16643880960 0.9 10.629 8.22982 9.78141 3.62643 48.9342 0.748505 48.1748 0.0052237 63.1996 53.1745 0.796052 39.7595 12.6137 143.425
16643846144 0.9 11.5111 0.87316 9.83853 3.57314 45.1843 4.40631 40.7334 0.0394228 595.676 52.8656 6.02767 38.3624 8.46985 145.564
16643510272 0.9 11.3386 7.75599 9.31412 3.58518 45.8708 1.26779 43.959 0.638689 67.0591 55.841 1.27913 43.7042 10.8519 145.072
16643807232 0.9 10.6926 2.2177 8.66601 3.53266 48.643 2.89168 44.9723 0.773482 234.531 60.0183 2.74605 42.691 14.5759 147.231
16643903488 0.9 10.9543 7.81135 9.32365 3.82468 47.481 4.36029 43.1107 0.004763 66.5854 55.7852 3.72566 40.4476 11.6068 135.991
16643481600 0.9 11.1519 7.09486 9.25994 3.39827 46.6386 2.6665 43.9622 0.004683 73.3078 56.1676 2.87037 42.8805 10.4115 153.051
16643534848 0.9 11.463 7.80326 9.58312 3.91119 45.3728 5.13247 40.2302 0.004715 66.653 54.2736 6.46205 38.6349 9.1714 132.98
16643608576 0.9 11.5127 8.43281 9.31835 3.83431 45.1775 5.25064 39.9154 0.0056885 61.6773 55.816 4.86468 38.3393 12.6067 135.647
16643753984 0.9 10.9151 8.60218 9.35771 3.39677 47.651 2.8047 44.4721 0.369011 60.4634 55.5817 2.84002 40.726 12.0099 153.121
16643905536 0.9 11.3486 7.92989 9.77353 3.74268 45.8314 2.85295 42.6257 0.347098 65.59 53.2174 2.91343 40.1336 10.1645 138.97
16643778560 0.95 10.8123 7.87018 9.05156 3.59601 48.1045 4.79049 43.3029 0.0054683 66.0872 57.4617 4.85566 40.3502 12.2505 144.637
16643567616 0.95 11.6031 6.76494 9.62639 3.42887 44.8251 4.05819 40.6072 0.154639 76.8834 54.0297 6.28921 37.5195 10.2157 151.686
16643608576 0.95 10.7151 7.9767 8.36504 3.62456 48.5403 3.88783 44.6421 0.0050355 65.204 62.177 4.86992 47.7245 9.57735 143.497
16643821568 0.95 11.7101 8.97526 9.74764 3.45214 44.4163 4.30921 39.3826 0.719137 57.9504 53.3585 5.80734 37.648 9.89792 150.666
16643674112 0.95 10.9793 7.32488 9.02943 3.4569 47.3724 4.23191 43.1305 0.0047873 71.0066 57.6022 5.06823 38.4275 14.1012 150.457
16643586048 0.95 11.6347 7.78853 9.65793 3.82017 44.7036 3.98128 40.7115 0.0051317 66.7792 53.8534 5.86694 35.7936 12.1876 136.149
16644130816 0.95 10.5561 2.58152 8.85957 3.49951 49.2727 3.72022 45.5416 0.0051436 201.482 58.7082 3.96613 43.6866 11.0502 148.629
16644184064 0.95 10.9748 7.89663 9.13802 3.57119 47.3933 3.14486 44.2375 0.0052919 65.8675 56.9194 2.62964 38.3606 15.924 145.646
16643727360 0.95 11.2397 8.36597 9.60149 3.44539 46.2748 3.54655 42.1524 0.570603 62.1705 54.1704 3.15834 40.0584 10.9483 150.96
16643815424 0.95 10.8686 8.3651 9.29749 3.57268 47.8553 3.06008 44.2722 0.517857 62.1773 55.9419 2.79763 40.8042 12.3348 145.582
16643921920 0.99 11.3821 8.0927 9.23376 3.30067 45.6964 1.85123 43.628 0.211668 64.2706 56.3284 1.92437 41.0161 13.3823 157.581
16643864576 0.99 10.7282 5.4672 8.75808 3.90005 48.4816 5.57509 42.8952 0.0053962 95.1348 59.3875 6.39208 40.8348 12.1553 133.363
16643729408 0.99 10.7368 8.43229 9.1535 3.20093 48.4423 0.444375 47.3339 0.658811 61.6815 56.8216 2.28982 40.6826 13.844 162.489
16643856384 0.99 11.2006 7.18276 9.35841 3.74382 46.4368 3.25076 43.1761 0.0047432 72.4124 55.5779 6.48875 38.3636 10.7202 138.928
16643833856 0.99 11.084 7.98653 9.12434 3.20549 46.9255 4.38292 41.8517 0.685707 65.1246 57.0035 4.40964 40.2517 12.3369 162.259
16643667968 0.99 10.8215 7.63462 8.18048 3.08915 48.0629 5.09223 42.1519 0.813582 68.1258 63.5799 4.75782 42.6703 16.1465 168.368
16643557376 0.99 10.5031 7.56916 8.70522 2.98383 49.5196 1.36638 48.1231 0.0249574 68.7146 59.7471 2.0058 45.3232 12.4129 174.31
16643475456 0.99 11.1016 7.49802 9.14368 3.30922 46.85 4.27304 42.5658 0.0051998 69.3662 56.8818 4.5576 38.1131 14.2059 157.17
16643684352 0.99 11.2506 3.50756 9.19968 2.91994 46.2298 4.30024 41.919 0.0049594 148.284 56.5362 4.47796 42.0814 9.97154 178.125
16643700736 0.99 11.6722 7.89524 9.25013 3.21219 44.5604 5.09873 39.3666 0.089842 65.8771 56.2279 5.16348 40.0772 10.9819 161.92
