16644038656 0.8 11.7462 7.62423 10.1292 4.2657 44.2804 1.42874 42.3268 0.519703 68.2201 51.3492 1.60916 39.1243 10.6104 121.932
16643627008 0.8 12.2122 2.03461 9.98219 4.11755 42.5896 1.77895 40.718 0.0874586 255.633 52.1041 1.31993 39.3527 11.4262 126.316
16643926016 0.8 11.0995 8.03171 9.48594 4.07323 46.86 5.61251 41.2376 0.0047031 64.7586 54.8309 5.09527 39.0618 10.6686 127.693
16643874816 0.8 11.2031 2.03996 9.83588 4.00911 46.4267 1.59965 44.8167 0.0050434 254.966 52.88 2.1457 38.4874 12.2411 129.735
16643651584 0.8 11.1595 4.73596 9.80489 4.19124 46.6074 2.16257 44.4344 0.0052881 109.822 53.0464 1.91824 36.9526 14.1702 124.096
16643631104 0.8 11.235 2.02741 9.56314 4.13637 46.2941 4.80832 40.8705 0.609954 256.541 54.3873 2.80064 40.8057 10.7757 125.742
16643418112 0.8 11.1916 4.03824 9.73278 4.16393 46.4731 3.02922 43.4327 0.005348 128.796 53.4386 2.68361 35.3908 15.359 124.908
16643325952 0.8 11.7745 0.621757 9.74299 3.8983 44.1722 2.41228 41.75 0.0046789 836.507 53.3824 3.04871 39.5092 10.8192 133.418
16643414016 0.8 11.5748 2.57465 9.6971 4.16672 44.9343 4.44423 40.4801 0.0047109 202.011 53.6353 4.38836 37.6978 11.5439 124.824
16643772416 0.8 11.9474 8.89731 10.0465 4.20138 43.534 3.78492 39.7383 0.0050915 58.4579 51.7712 4.3738 38.1086 9.28356 123.797
